,ts_code,trade_date,open,high,low,close,pre_close,change,pct_chg,vol,amount
0,000736.SZ,20221230,18.58,18.77,17.59,17.91,18.51,-0.6,-3.2415,534481.46,964315.202
1,000736.SZ,20221229,19.25,19.37,18.0,18.51,19.71,-1.2,-6.0883,671033.41,1254796.457
2,000736.SZ,20221228,18.4,20.69,18.15,19.71,18.94,0.77,4.0655,897139.87,1734807.234
3,000736.SZ,20221227,18.38,19.42,18.03,18.94,18.37,0.57,3.1029,806057.21,1516074.269
4,000736.SZ,20221226,18.01,18.77,17.64,18.37,18.35,0.02,0.109,571255.86,1045613.42
5,000736.SZ,20221223,17.63,18.88,17.63,18.35,17.9,0.45,2.514,646107.83,1183148.697
6,000736.SZ,20221222,18.98,19.27,17.6,17.9,18.66,-0.76,-4.0729,768153.85,1436794.911
7,000736.SZ,20221221,18.23,19.6,18.23,18.66,20.26,-1.6,-7.8973,1082635.32,2018381.822
8,000736.SZ,20221220,20.26,20.7,20.26,20.26,22.51,-2.25,-9.9956,209203.0,424346.121
9,000736.SZ,20221219,20.66,22.51,20.57,22.51,20.46,2.05,10.0196,1219264.52,2677496.587
10,000736.SZ,20221216,20.0,21.63,20.0,20.46,19.66,0.8,4.0692,1404643.21,2941135.026
11,000736.SZ,20221215,17.5,19.66,17.16,19.66,17.87,1.79,10.0168,914099.36,1688806.491
12,000736.SZ,20221214,17.46,17.93,17.25,17.87,17.73,0.14,0.7896,445947.99,787387.753
13,000736.SZ,20221213,17.88,18.38,17.55,17.73,18.36,-0.63,-3.4314,656028.12,1178010.019
14,000736.SZ,20221212,18.0,19.48,17.8,18.36,19.0,-0.64,-3.3684,720554.92,1342482.371
15,000736.SZ,20221209,18.66,19.98,18.66,19.0,18.5,0.5,2.7027,920913.49,1770905.203
16,000736.SZ,20221208,18.48,19.11,18.2,18.5,18.26,0.24,1.3143,827547.29,1542865.017
17,000736.SZ,20221207,18.54,18.8,17.93,18.26,19.36,-1.1,-5.6818,755138.42,1384939.174
18,000736.SZ,20221206,19.01,19.41,18.33,19.36,18.95,0.41,2.1636,891485.26,1684435.412
19,000736.SZ,20221205,20.05,21.29,18.88,18.95,20.27,-1.32,-6.5121,1305759.36,2611091.3
20,000736.SZ,20221202,22.03,22.2,20.27,20.27,22.52,-2.25,-9.9911,1171969.33,2481611.247
21,000736.SZ,20221201,22.52,22.52,21.88,22.52,20.47,2.05,10.0147,376394.88,845876.823
22,000736.SZ,20221130,20.47,20.47,20.47,20.47,18.61,1.86,9.9946,49303.95,100925.186
23,000736.SZ,20221129,18.61,18.61,18.61,18.61,16.92,1.69,9.9882,27839.26,51808.863
24,000736.SZ,20221128,15.79,16.92,15.66,16.92,15.38,1.54,10.013,613883.35,1011520.481
25,000736.SZ,20221125,14.5,15.38,14.48,15.38,13.98,1.4,10.0143,800308.36,1213714.556
26,000736.SZ,20221124,13.8,13.98,13.46,13.98,12.71,1.27,9.9921,888051.1,1231145.033
27,000736.SZ,20221123,12.38,12.86,12.22,12.71,12.56,0.15,1.1943,298255.32,375821.772
28,000736.SZ,20221122,12.75,13.1,12.35,12.56,12.62,-0.06,-0.4754,429719.13,547018.12
29,000736.SZ,20221121,12.5,12.65,12.15,12.62,12.67,-0.05,-0.3946,318078.26,393200.882
30,000736.SZ,20221118,12.97,13.08,12.61,12.67,12.96,-0.29,-2.2377,347154.15,445411.42
31,000736.SZ,20221117,13.09,13.27,12.73,12.96,13.09,-0.13,-0.9931,330150.41,428947.692
32,000736.SZ,20221116,13.29,13.58,12.86,13.09,13.47,-0.38,-2.8211,449738.31,591514.31
33,000736.SZ,20221115,13.1,13.92,12.92,13.47,13.45,0.02,0.1487,666365.42,896197.142
34,000736.SZ,20221114,13.3,13.99,12.51,13.45,12.86,0.59,4.5879,1001438.92,1320792.849
35,000736.SZ,20221111,11.97,12.96,11.88,12.86,11.78,1.08,9.1681,938990.34,1174766.872
36,000736.SZ,20221110,11.98,12.16,11.72,11.78,12.16,-0.38,-3.125,402830.08,478437.862
37,000736.SZ,20221109,12.0,12.77,11.93,12.16,12.01,0.15,1.249,540977.62,669728.309
38,000736.SZ,20221108,11.85,12.8,11.57,12.01,11.69,0.32,2.7374,581028.35,703068.028
39,000736.SZ,20221107,11.41,11.81,11.34,11.69,11.4,0.29,2.5439,336614.18,390462.277
40,000736.SZ,20221104,11.1,11.49,11.05,11.4,11.11,0.29,2.6103,401403.61,452858.764
41,000736.SZ,20221103,10.8,11.5,10.74,11.11,10.96,0.15,1.3686,400893.92,447835.467
42,000736.SZ,20221102,10.45,11.05,10.36,10.96,10.47,0.49,4.68,381733.42,412679.908
43,000736.SZ,20221101,10.3,10.48,10.16,10.47,10.19,0.28,2.7478,255020.58,262830.468
44,000736.SZ,20221031,10.38,10.58,10.16,10.19,10.57,-0.38,-3.5951,294108.24,302548.006
45,000736.SZ,20221028,11.2,11.28,10.55,10.57,11.34,-0.77,-6.7901,301795.68,328115.605
46,000736.SZ,20221027,11.49,11.67,11.32,11.34,11.41,-0.07,-0.6135,265752.78,305424.154
47,000736.SZ,20221026,11.69,11.73,11.34,11.41,11.79,-0.38,-3.2231,310952.76,357704.933
48,000736.SZ,20221025,11.3,11.83,11.01,11.79,11.63,0.16,1.3758,341204.25,388690.986
49,000736.SZ,20221024,11.96,12.12,11.52,11.63,12.16,-0.53,-4.3586,312568.93,368891.464
50,000736.SZ,20221021,12.67,12.8,12.15,12.16,12.48,-0.32,-2.5641,301589.96,376707.056
51,000736.SZ,20221020,12.89,12.89,12.34,12.48,13.04,-0.56,-4.2945,341303.68,428429.291
52,000736.SZ,20221019,12.85,13.64,12.71,13.04,12.81,0.23,1.7955,536482.34,704041.735
53,000736.SZ,20221018,12.92,13.1,12.67,12.81,12.79,0.02,0.1564,377727.33,486966.358
54,000736.SZ,20221017,12.28,12.8,12.06,12.79,12.47,0.32,2.5662,367409.0,460528.319
55,000736.SZ,20221014,12.41,12.64,12.4,12.47,12.37,0.1,0.8084,331936.72,415192.719
56,000736.SZ,20221013,12.6,12.68,12.36,12.37,12.89,-0.52,-4.0341,363445.62,453006.552
57,000736.SZ,20221012,12.83,13.03,12.27,12.89,12.79,0.1,0.7819,423884.01,537652.677
58,000736.SZ,20221011,13.25,13.48,12.66,12.79,13.49,-0.7,-5.189,381446.13,490062.48
59,000736.SZ,20221010,13.5,13.99,13.25,13.49,13.35,0.14,1.0487,491599.71,670181.314
60,000736.SZ,20220930,13.3,13.76,12.72,13.35,12.9,0.45,3.4884,613934.0,817687.891
61,000736.SZ,20220929,13.54,13.65,12.7,12.9,13.44,-0.54,-4.0179,381587.87,499090.339
62,000736.SZ,20220928,14.01,14.19,13.41,13.44,14.17,-0.73,-5.1517,401356.75,550535.775
63,000736.SZ,20220927,14.05,14.36,13.13,14.17,14.1,0.07,0.4965,498605.68,685791.034
64,000736.SZ,20220926,13.96,14.59,13.94,14.1,14.18,-0.08,-0.5642,448866.88,639049.029
65,000736.SZ,20220923,14.9,15.39,14.11,14.18,14.76,-0.58,-3.9295,565966.56,841827.878
66,000736.SZ,20220922,14.82,15.35,14.76,14.76,15.04,-0.28,-1.8617,470445.88,704906.285
67,000736.SZ,20220921,15.3,15.6,14.65,15.04,15.78,-0.74,-4.6895,647738.14,975892.633
68,000736.SZ,20220920,16.15,17.02,15.6,15.78,16.56,-0.78,-4.7101,694055.47,1123596.211
69,000736.SZ,20220919,16.0,17.8,15.4,16.56,17.11,-0.55,-3.2145,752765.21,1243995.683
70,000736.SZ,20220916,16.75,17.88,16.12,17.11,16.63,0.48,2.8863,1035257.29,1769378.306
71,000736.SZ,20220915,15.3,16.63,15.2,16.63,15.12,1.51,9.9868,800453.41,1273276.191
72,000736.SZ,20220914,14.58,16.05,14.57,15.12,15.04,0.08,0.5319,644404.41,998521.095
73,000736.SZ,20220913,15.41,15.95,14.7,15.04,16.02,-0.98,-6.1174,662517.0,1017972.466
74,000736.SZ,20220909,14.8,16.3,14.51,16.02,14.87,1.15,7.7337,888337.89,1372075.299
75,000736.SZ,20220908,14.44,15.04,13.93,14.87,14.55,0.32,2.1993,656427.18,948915.733
76,000736.SZ,20220907,13.37,14.88,13.32,14.55,13.65,0.9,6.5934,799979.21,1125649.413
77,000736.SZ,20220906,12.93,14.18,12.89,13.65,12.89,0.76,5.896,950944.49,1313733.566
78,000736.SZ,20220905,12.21,13.1,12.21,12.89,12.46,0.43,3.451,432877.78,551536.625
79,000736.SZ,20220902,12.91,12.95,12.35,12.46,13.14,-0.68,-5.175,427281.18,537507.217
80,000736.SZ,20220901,12.59,13.73,12.35,13.14,12.5,0.64,5.12,593128.71,782886.853
81,000736.SZ,20220831,12.28,12.78,12.21,12.5,12.28,0.22,1.7915,317109.36,397938.524
82,000736.SZ,20220830,12.2,12.55,12.17,12.28,12.18,0.1,0.821,194760.34,239777.384
83,000736.SZ,20220829,11.81,12.19,11.5,12.18,12.13,0.05,0.4122,197712.51,234777.778
84,000736.SZ,20220826,12.12,12.48,12.0,12.13,12.28,-0.15,-1.2215,205685.52,250561.323
85,000736.SZ,20220825,12.16,12.44,12.05,12.28,12.02,0.26,2.1631,248516.72,304349.381
86,000736.SZ,20220824,12.3,12.53,12.02,12.02,12.54,-0.52,-4.1467,277507.47,339241.105
87,000736.SZ,20220823,13.0,13.12,12.35,12.54,13.3,-0.76,-5.7143,529396.4,666984.956
88,000736.SZ,20220822,12.49,13.67,12.33,13.3,12.43,0.87,6.9992,687965.5,910808.849
89,000736.SZ,20220819,12.3,12.88,12.3,12.43,12.43,0.0,0.0,213593.04,268844.6
90,000736.SZ,20220818,12.65,12.9,12.37,12.43,12.67,-0.24,-1.8942,196337.35,245678.036
91,000736.SZ,20220817,12.6,12.92,12.41,12.67,12.8,-0.13,-1.0156,324201.84,408945.464
92,000736.SZ,20220816,12.22,13.28,12.22,12.8,12.18,0.62,5.0903,495415.3,633426.106
93,000736.SZ,20220815,12.38,12.66,12.15,12.18,12.5,-0.32,-2.56,211275.08,259548.958
94,000736.SZ,20220812,12.11,12.56,12.03,12.5,12.21,0.29,2.3751,284272.2,351402.847
95,000736.SZ,20220811,12.19,12.4,12.11,12.21,12.11,0.1,0.8258,206477.89,252096.964
96,000736.SZ,20220810,12.1,12.2,11.94,12.11,12.18,-0.07,-0.5747,164292.42,197986.199
97,000736.SZ,20220809,12.4,12.75,12.13,12.18,12.49,-0.31,-2.482,277700.83,341624.342
98,000736.SZ,20220808,12.35,13.18,12.35,12.49,12.18,0.31,2.5452,351483.73,446138.744
99,000736.SZ,20220805,12.11,12.35,12.0,12.18,12.14,0.04,0.3295,209641.01,254556.745
100,000736.SZ,20220804,11.9,12.14,11.72,12.14,11.83,0.31,2.6205,232370.0,278595.405
101,000736.SZ,20220803,12.28,12.6,11.76,11.83,12.34,-0.51,-4.1329,319727.19,386866.672
102,000736.SZ,20220802,13.2,13.28,12.28,12.34,13.45,-1.11,-8.2528,311733.17,392714.972
103,000736.SZ,20220801,13.72,13.93,13.33,13.45,13.98,-0.53,-3.7911,297150.21,401306.572
104,000736.SZ,20220729,14.8,14.8,13.94,13.98,15.01,-1.03,-6.8621,465947.95,663174.085
105,000736.SZ,20220728,14.48,15.9,14.24,15.01,14.75,0.26,1.7627,663657.81,988869.937
106,000736.SZ,20220727,14.71,15.42,14.62,14.75,14.71,0.04,0.2719,782646.46,1173881.787
107,000736.SZ,20220726,13.14,14.71,13.08,14.71,13.37,1.34,10.0224,523654.91,744593.999
108,000736.SZ,20220725,13.2,13.85,13.05,13.37,13.05,0.32,2.4521,357101.1,482275.803
109,000736.SZ,20220722,13.22,13.49,12.91,13.05,13.17,-0.12,-0.9112,186247.15,245419.795
110,000736.SZ,20220721,13.41,13.48,13.14,13.17,13.41,-0.24,-1.7897,174351.39,230931.149
111,000736.SZ,20220720,13.7,13.85,13.34,13.41,13.63,-0.22,-1.6141,188921.0,254341.055
112,000736.SZ,20220719,13.85,13.99,13.54,13.63,13.78,-0.15,-1.0885,290000.03,398776.984
113,000736.SZ,20220718,12.84,14.1,12.84,13.78,13.06,0.72,5.513,421353.61,574023.677
114,000736.SZ,20220715,14.22,14.39,13.06,13.06,14.51,-1.45,-9.9931,500018.95,666017.146
115,000736.SZ,20220714,14.51,15.3,14.5,14.51,15.66,-1.15,-7.3436,529943.73,782267.442
116,000736.SZ,20220713,15.06,16.65,15.04,15.66,15.27,0.39,2.554,722625.3,1152441.355
117,000736.SZ,20220712,14.69,15.99,14.53,15.27,14.66,0.61,4.161,571526.66,874507.889
118,000736.SZ,20220711,14.37,14.79,14.17,14.66,14.5,0.16,1.1034,232052.58,338623.466
119,000736.SZ,20220708,14.36,14.74,14.19,14.5,14.38,0.12,0.8345,221421.12,320323.122
120,000736.SZ,20220707,14.41,14.76,14.34,14.38,14.5,-0.12,-0.8276,201006.81,291371.825
121,000736.SZ,20220706,15.04,15.1,14.28,14.5,15.13,-0.63,-4.1639,315014.76,459548.487
122,000736.SZ,20220705,15.3,15.53,15.01,15.13,15.26,-0.13,-0.8519,233961.56,356810.473
123,000736.SZ,20220704,15.5,15.65,15.18,15.26,15.52,-0.26,-1.6753,255317.74,389746.754
124,000736.SZ,20220701,15.8,15.98,15.52,15.52,15.91,-0.39,-2.4513,322815.59,505984.064
125,000736.SZ,20220630,16.4,16.43,15.69,15.91,16.63,-0.72,-4.3295,562897.64,900476.941
126,000736.SZ,20220629,15.56,17.0,15.48,16.67,15.62,1.05,6.7222,771102.83,1264023.217
127,000736.SZ,20220628,16.0,16.21,15.5,15.62,16.19,-0.57,-3.5207,415296.69,654487.943
128,000736.SZ,20220627,16.1,16.38,15.9,16.19,16.12,0.07,0.4342,269384.6,435548.203
129,000736.SZ,20220624,16.35,16.49,16.0,16.12,16.46,-0.34,-2.0656,336438.75,544581.207
130,000736.SZ,20220623,16.51,16.59,15.88,16.46,16.66,-0.2,-1.2005,433183.31,705482.094
131,000736.SZ,20220622,16.68,17.5,16.0,16.66,17.06,-0.4,-2.3447,618192.81,1025677.749
132,000736.SZ,20220621,16.24,17.89,16.11,17.06,16.26,0.8,4.92,842526.54,1440928.038
133,000736.SZ,20220620,15.89,16.48,15.83,16.26,15.75,0.51,3.2381,406173.42,656921.499
134,000736.SZ,20220617,16.2,16.3,15.51,15.75,16.38,-0.63,-3.8462,440681.77,696213.764
135,000736.SZ,20220616,16.51,16.81,16.01,16.38,16.5,-0.12,-0.7273,521093.87,853660.532
136,000736.SZ,20220615,15.96,17.32,15.77,16.5,16.07,0.43,2.6758,706156.74,1180243.364
137,000736.SZ,20220614,16.0,16.5,15.41,16.07,16.12,-0.05,-0.3102,474833.51,759479.7
138,000736.SZ,20220613,16.45,16.8,16.03,16.12,16.7,-0.58,-3.4731,397692.89,648261.751
139,000736.SZ,20220610,16.6,17.17,16.39,16.7,17.03,-0.33,-1.9378,483803.31,810753.891
140,000736.SZ,20220609,17.06,17.89,16.81,17.03,16.87,0.16,0.9484,644854.52,1124055.311
141,000736.SZ,20220608,17.86,17.86,16.6,16.87,17.91,-1.04,-5.8068,705091.63,1210593.318
142,000736.SZ,20220607,16.38,17.91,16.18,17.91,16.28,1.63,10.0123,711011.84,1200837.897
143,000736.SZ,20220606,15.99,16.68,15.7,16.28,16.41,-0.13,-0.7922,485117.36,789899.334
144,000736.SZ,20220602,17.41,17.48,16.18,16.41,17.34,-0.93,-5.3633,665029.11,1103159.552
145,000736.SZ,20220601,17.34,18.34,16.9,17.34,18.43,-1.09,-5.9143,781560.59,1371823.619
146,000736.SZ,20220531,19.86,20.0,18.43,18.43,20.48,-2.05,-10.0098,635559.74,1186951.49
147,000736.SZ,20220530,20.58,21.77,19.62,20.48,20.75,-0.27,-1.3012,1111013.06,2305429.802
148,000736.SZ,20220527,18.61,20.75,18.25,20.75,18.86,1.89,10.0212,1118140.06,2211490.516
149,000736.SZ,20220526,18.31,19.65,18.23,18.86,18.3,0.56,3.0601,706453.8,1345083.701
150,000736.SZ,20220525,18.0,18.5,17.76,18.3,18.0,0.3,1.6667,335482.57,609871.585
151,000736.SZ,20220524,19.2,19.36,18.0,18.0,19.49,-1.49,-7.6449,528498.49,981985.898
152,000736.SZ,20220523,19.51,19.72,19.1,19.49,19.5,-0.01,-0.0513,440033.1,852059.747
153,000736.SZ,20220520,21.01,21.35,19.45,19.5,20.79,-1.29,-6.2049,802953.72,1616802.018
154,000736.SZ,20220519,20.66,21.53,20.5,20.79,20.75,0.04,0.1928,609301.28,1281276.9
155,000736.SZ,20220518,20.51,22.0,20.41,20.75,21.6,-0.85,-3.9352,724314.13,1525105.854
156,000736.SZ,20220517,23.5,23.5,21.6,21.6,24.0,-2.4,-10.0,694858.29,1519388.809
157,000736.SZ,20220516,24.4,25.27,22.56,24.0,23.7,0.3,1.2658,943370.22,2262492.014
158,000736.SZ,20220513,25.87,26.33,23.7,23.7,26.33,-2.63,-9.9886,1147350.13,2807943.001
159,000736.SZ,20220512,30.69,31.75,26.33,26.33,29.26,-2.93,-10.0137,1215859.58,3515197.675
160,000736.SZ,20220511,29.2,29.26,28.33,29.26,26.6,2.66,10.0,753756.32,2199286.957
161,000736.SZ,20220510,23.35,26.6,22.88,26.6,24.18,2.42,10.0083,739507.51,1915978.595
162,000736.SZ,20220509,22.88,25.52,21.12,24.18,23.35,0.83,3.5546,1059404.41,2527475.857
163,000736.SZ,20220506,20.91,23.91,20.58,23.35,22.87,0.48,2.0988,1018260.3,2214162.316
164,000736.SZ,20220505,24.5,25.2,22.87,22.87,25.41,-2.54,-9.9961,1082048.35,2535313.551
165,000736.SZ,20220429,23.95,25.41,23.01,25.41,23.1,2.31,10.0,987983.24,2393647.118
166,000736.SZ,20220428,21.11,23.1,20.79,23.1,21.0,2.1,10.0,1083037.47,2396540.279
167,000736.SZ,20220427,19.5,21.87,19.5,21.0,19.98,1.02,5.1051,1168668.54,2432839.698
168,000736.SZ,20220426,19.5,21.07,18.5,19.98,19.15,0.83,4.3342,1326223.98,2658502.377
169,000736.SZ,20220425,16.57,19.15,16.3,19.15,17.41,1.74,9.9943,1255522.87,2353646.859
170,000736.SZ,20220422,17.2,19.0,16.7,17.41,17.4,0.01,0.0575,997159.84,1789927.841
171,000736.SZ,20220421,17.82,18.76,16.62,17.4,17.85,-0.45,-2.521,991261.64,1757737.202
172,000736.SZ,20220420,18.21,18.88,17.82,17.85,19.8,-1.95,-9.8485,958593.31,1728435.285
173,000736.SZ,20220419,19.8,19.99,19.8,19.8,22.0,-2.2,-10.0,400595.0,793328.428
174,000736.SZ,20220418,25.0,26.86,21.98,22.0,24.42,-2.42,-9.9099,1290120.34,3183045.94
175,000736.SZ,20220415,23.47,24.42,20.8,24.42,22.2,2.22,10.0,973701.03,2244140.972
176,000736.SZ,20220414,21.54,22.2,20.6,22.2,20.18,2.02,10.0099,775191.71,1699764.548
177,000736.SZ,20220413,17.15,20.85,17.15,20.18,19.06,1.12,5.8762,1097842.02,2045181.425
178,000736.SZ,20220412,20.4,22.56,19.06,19.06,21.18,-2.12,-10.0094,980004.66,2016648.087
179,000736.SZ,20220411,17.33,21.18,17.33,21.18,19.25,1.93,10.026,1004875.93,1858221.974
180,000736.SZ,20220408,17.97,19.25,17.39,19.25,17.5,1.75,10.0,1066134.98,1963766.144
181,000736.SZ,20220407,17.11,18.82,16.68,17.5,17.11,0.39,2.2794,1270804.87,2249252.959
182,000736.SZ,20220406,17.11,17.11,17.11,17.11,15.55,1.56,10.0322,31967.51,54696.409
183,000736.SZ,20220401,15.0,15.55,14.91,15.55,14.14,1.41,9.9717,900285.1,1395712.215
184,000736.SZ,20220331,14.14,14.14,13.2,14.14,12.85,1.29,10.0389,382249.76,536892.203
185,000736.SZ,20220330,12.85,12.85,12.3,12.85,11.68,1.17,10.0171,390389.15,498733.81
186,000736.SZ,20220329,10.62,11.68,9.56,11.68,10.62,1.06,9.9812,739037.4,822066.915
187,000736.SZ,20220328,10.0,10.62,9.7,10.62,9.65,0.97,10.0518,391917.81,408412.613
188,000736.SZ,20220325,8.6,9.65,8.18,9.65,8.77,0.88,10.0342,342755.63,314873.873
189,000736.SZ,20220324,8.4,9.52,8.25,8.77,8.65,0.12,1.3873,451843.37,408240.562
190,000736.SZ,20220323,7.82,8.65,7.4,8.65,7.86,0.79,10.0509,374997.48,306898.712
191,000736.SZ,20220322,7.46,8.47,7.46,7.86,7.7,0.16,2.0779,363884.27,292778.167
192,000736.SZ,20220321,7.32,7.74,7.01,7.7,7.37,0.33,4.4776,172413.66,127889.611
193,000736.SZ,20220318,6.83,7.47,6.7,7.37,6.84,0.53,7.7485,122844.84,87784.356
194,000736.SZ,20220317,6.98,7.16,6.71,6.84,6.54,0.3,4.5872,69329.57,48006.945
195,000736.SZ,20220316,6.45,6.63,6.3,6.54,6.41,0.13,2.0281,51697.35,33496.735
196,000736.SZ,20220315,7.0,7.12,6.41,6.41,7.12,-0.71,-9.9719,48878.08,32692.889
197,000736.SZ,20220314,7.4,7.83,7.06,7.12,7.47,-0.35,-4.6854,62902.5,46790.959
198,000736.SZ,20220311,7.48,7.59,7.3,7.47,7.65,-0.18,-2.3529,22336.54,16612.904
199,000736.SZ,20220310,7.6,7.9,7.5,7.65,7.66,-0.01,-0.1305,35285.36,27161.324
200,000736.SZ,20220309,8.1,8.1,7.39,7.66,8.05,-0.39,-4.8447,53893.74,40966.891
201,000736.SZ,20220308,8.02,8.08,7.67,8.05,8.08,-0.03,-0.3713,56166.22,44356.558
202,000736.SZ,20220307,7.78,8.18,7.73,8.08,7.8,0.28,3.5897,67220.63,53945.872
203,000736.SZ,20220304,7.86,7.89,7.72,7.8,7.88,-0.08,-1.0152,42107.98,32847.723
204,000736.SZ,20220303,7.69,7.89,7.6,7.88,7.67,0.21,2.7379,43012.68,33467.255
205,000736.SZ,20220302,7.52,7.8,7.5,7.67,7.5,0.17,2.2667,50104.76,38431.773
206,000736.SZ,20220301,7.54,7.65,7.39,7.5,7.63,-0.13,-1.7038,18746.65,14067.725
207,000736.SZ,20220228,7.46,7.63,7.17,7.63,7.48,0.15,2.0053,34501.82,25417.998
208,000736.SZ,20220225,7.15,7.58,7.06,7.48,7.09,0.39,5.5007,43609.14,32043.231
209,000736.SZ,20220224,7.39,7.39,7.02,7.09,7.33,-0.24,-3.2742,42955.9,30736.504
210,000736.SZ,20220223,7.8,7.84,7.29,7.33,7.68,-0.35,-4.5573,50418.11,37407.4
211,000736.SZ,20220222,7.53,7.77,7.5,7.68,7.63,0.05,0.6553,78403.89,60394.079
212,000736.SZ,20220221,7.59,7.97,7.32,7.63,7.62,0.01,0.1312,61293.81,46256.619
213,000736.SZ,20220218,7.06,7.7,7.0,7.62,7.0,0.62,8.8571,70965.35,52805.53
214,000736.SZ,20220217,7.1,7.12,6.92,7.0,7.1,-0.1,-1.4085,21895.1,15342.583
215,000736.SZ,20220216,7.04,7.15,6.98,7.1,7.03,0.07,0.9957,20439.03,14491.1
216,000736.SZ,20220215,7.03,7.25,6.89,7.03,7.11,-0.08,-1.1252,33325.19,23397.95
217,000736.SZ,20220214,7.28,7.39,7.0,7.11,7.5,-0.39,-5.2,50763.17,36202.28
218,000736.SZ,20220211,7.27,7.63,7.26,7.5,7.33,0.17,2.3192,63724.16,47571.552
219,000736.SZ,20220210,7.13,7.6,6.99,7.33,7.15,0.18,2.5175,54172.9,39778.15
220,000736.SZ,20220209,7.21,7.49,7.13,7.15,7.19,-0.04,-0.5563,60439.08,44002.615
221,000736.SZ,20220208,7.0,7.19,6.9,7.19,7.04,0.15,2.1307,65987.02,46757.039
222,000736.SZ,20220207,7.26,7.38,6.88,7.04,7.22,-0.18,-2.4931,65943.1,46517.302
223,000736.SZ,20220128,7.15,7.4,7.02,7.22,7.06,0.16,2.2663,21908.37,15869.891
224,000736.SZ,20220127,7.16,7.26,7.0,7.06,7.23,-0.17,-2.3513,46555.98,33068.906
225,000736.SZ,20220126,7.5,7.55,7.2,7.23,7.56,-0.33,-4.3651,28112.73,20564.296
226,000736.SZ,20220125,7.62,7.68,7.29,7.56,7.62,-0.06,-0.7874,51014.3,38247.044
227,000736.SZ,20220124,7.41,7.65,7.15,7.62,7.36,0.26,3.5326,55535.8,41520.752
228,000736.SZ,20220121,7.23,7.41,7.05,7.36,7.36,0.0,0.0,45559.26,32934.312
229,000736.SZ,20220120,7.3,7.86,7.29,7.36,7.28,0.08,1.0989,66153.48,49637.508
230,000736.SZ,20220119,7.34,7.65,7.21,7.28,7.34,-0.06,-0.8174,52084.96,38600.122
231,000736.SZ,20220118,7.4,7.59,7.09,7.34,7.44,-0.1,-1.3441,42273.17,31006.361
232,000736.SZ,20220117,7.19,7.5,7.12,7.44,7.25,0.19,2.6207,61022.5,44949.422
233,000736.SZ,20220114,7.43,7.47,7.0,7.25,7.51,-0.26,-3.4621,82440.69,59151.308
234,000736.SZ,20220113,7.68,7.99,7.18,7.51,7.68,-0.17,-2.2135,170778.05,128540.752
235,000736.SZ,20220112,7.88,8.0,7.57,7.68,7.88,-0.2,-2.5381,75235.81,58330.034
236,000736.SZ,20220111,7.65,7.89,7.35,7.88,7.81,0.07,0.8963,154922.42,119347.856
237,000736.SZ,20220110,7.54,7.96,7.45,7.81,7.76,0.05,0.6443,189808.88,146083.619
238,000736.SZ,20220107,6.98,7.92,6.98,7.76,7.2,0.56,7.7778,282122.05,217581.556
239,000736.SZ,20220106,6.55,7.37,6.55,7.2,6.83,0.37,5.4173,169966.86,119908.369
240,000736.SZ,20220105,6.48,7.16,6.42,6.83,6.51,0.32,4.9155,162626.51,111818.713
241,000736.SZ,20220104,6.35,6.55,6.15,6.51,6.35,0.16,2.5197,61834.76,39689.617
242,000736.SZ,20211231,6.25,6.69,6.17,6.35,6.29,0.06,0.9539,64952.15,41338.852
243,000736.SZ,20211230,6.27,6.31,6.14,6.29,6.28,0.01,0.1592,49480.0,30875.835
244,000736.SZ,20211229,6.43,6.48,6.15,6.28,6.49,-0.21,-3.2357,72039.8,44920.521
245,000736.SZ,20211228,6.31,6.53,6.12,6.49,6.36,0.13,2.044,68407.66,43217.848
246,000736.SZ,20211227,6.26,6.49,6.19,6.36,6.18,0.18,2.9126,73880.08,46799.991
247,000736.SZ,20211224,6.78,6.8,6.16,6.18,6.52,-0.34,-5.2147,104676.67,66107.685
248,000736.SZ,20211223,6.7,6.98,6.4,6.52,7.07,-0.55,-7.7793,166622.37,110260.777
249,000736.SZ,20211222,7.36,7.6,6.7,7.07,6.91,0.16,2.3155,301333.8,219581.916
250,000736.SZ,20211221,6.3,6.91,6.3,6.91,6.28,0.63,10.0318,136751.86,91898.507
251,000736.SZ,20211220,5.96,6.29,5.92,6.28,5.95,0.33,5.5462,89516.95,55124.148
252,000736.SZ,20211217,6.1,6.22,5.92,5.95,6.07,-0.12,-1.9769,53502.0,32339.519
253,000736.SZ,20211216,5.72,6.09,5.72,6.07,6.08,-0.01,-0.1645,105760.89,63026.28
254,000736.SZ,20211215,5.69,6.39,5.61,6.08,5.85,0.23,3.9316,174060.66,105402.245
255,000736.SZ,20211214,6.0,6.03,5.82,5.85,6.01,-0.16,-2.6622,71382.52,42162.243
256,000736.SZ,20211213,6.19,6.28,5.81,6.01,6.31,-0.3,-4.7544,140058.71,84037.309
257,000736.SZ,20211210,6.57,6.57,6.18,6.31,6.58,-0.27,-4.1033,205305.04,130799.773
258,000736.SZ,20211209,5.99,6.85,5.81,6.58,6.32,0.26,4.1139,294003.33,187658.93
259,000736.SZ,20211208,6.4,6.94,5.97,6.32,6.31,0.01,0.1585,285905.81,183761.856
260,000736.SZ,20211207,6.15,6.31,6.15,6.31,5.74,0.57,9.9303,142489.57,89549.672
261,000736.SZ,20211206,5.3,5.74,5.18,5.74,5.22,0.52,9.9617,90074.84,50110.487
262,000736.SZ,20211203,5.1,5.24,5.07,5.22,5.12,0.1,1.9531,31713.25,16423.232
263,000736.SZ,20211202,5.0,5.13,4.99,5.12,5.04,0.08,1.5873,22998.05,11682.953
264,000736.SZ,20211201,4.96,5.04,4.95,5.04,4.98,0.06,1.2048,20715.03,10376.522
265,000736.SZ,20211130,4.9,5.04,4.9,4.98,4.93,0.05,1.0142,14038.28,7009.224
266,000736.SZ,20211129,5.05,5.08,4.91,4.93,5.05,-0.12,-2.3762,10994.13,5447.41
267,000736.SZ,20211126,5.03,5.1,4.98,5.05,5.09,-0.04,-0.7859,15400.24,7735.881
268,000736.SZ,20211125,5.07,5.14,5.05,5.09,5.1,-0.01,-0.1961,11476.82,5833.833
269,000736.SZ,20211124,5.01,5.14,5.01,5.1,5.04,0.06,1.1905,18656.04,9493.128
270,000736.SZ,20211123,5.13,5.18,5.0,5.04,5.05,-0.01,-0.198,12610.61,6366.351
271,000736.SZ,20211122,5.09,5.14,5.03,5.05,5.09,-0.04,-0.7859,16662.3,8460.926
272,000736.SZ,20211119,5.07,5.14,4.94,5.09,5.07,0.02,0.3945,21623.55,10889.088
273,000736.SZ,20211118,5.12,5.2,5.03,5.07,5.04,0.03,0.5952,23644.48,12061.266
274,000736.SZ,20211117,4.98,5.07,4.97,5.04,5.01,0.03,0.5988,10713.64,5389.558
275,000736.SZ,20211116,5.08,5.15,5.0,5.01,5.06,-0.05,-0.9881,24211.4,12239.115
276,000736.SZ,20211115,5.0,5.12,4.91,5.06,5.03,0.03,0.5964,30427.64,15239.498
277,000736.SZ,20211112,4.89,5.2,4.89,5.03,5.21,-0.18,-3.4549,52357.96,26388.246
278,000736.SZ,20211111,4.89,5.38,4.88,5.21,4.89,0.32,6.544,86720.94,44667.72
279,000736.SZ,20211110,4.84,4.9,4.75,4.89,4.83,0.06,1.2422,24384.94,11845.3
280,000736.SZ,20211109,4.81,4.85,4.77,4.83,4.83,0.0,0.0,11368.04,5473.657
281,000736.SZ,20211108,4.81,4.88,4.7,4.83,4.81,0.02,0.4158,12763.08,6118.998
282,000736.SZ,20211105,4.85,4.9,4.75,4.81,4.85,-0.04,-0.8247,12336.95,5964.774
283,000736.SZ,20211104,4.92,4.94,4.78,4.85,4.9,-0.05,-1.0204,19455.89,9393.952
284,000736.SZ,20211103,4.93,4.95,4.82,4.9,4.87,0.03,0.616,12922.63,6294.117
285,000736.SZ,20211102,4.97,5.03,4.84,4.87,4.94,-0.07,-1.417,38083.8,18705.531
286,000736.SZ,20211101,4.85,4.99,4.79,4.94,4.9,0.04,0.8163,16340.63,8021.243
287,000736.SZ,20211029,4.84,4.93,4.78,4.9,4.82,0.08,1.6598,22957.94,11163.333
288,000736.SZ,20211028,5.05,5.1,4.8,4.82,5.05,-0.23,-4.5545,22059.19,10816.73
289,000736.SZ,20211027,5.13,5.15,4.98,5.05,5.15,-0.1,-1.9417,26083.2,13175.519
290,000736.SZ,20211026,5.32,5.32,5.13,5.15,5.25,-0.1,-1.9048,19960.04,10340.009
291,000736.SZ,20211025,5.08,5.33,5.08,5.25,5.39,-0.14,-2.5974,22286.13,11656.341
292,000736.SZ,20211022,5.35,5.69,5.32,5.39,5.32,0.07,1.3158,43870.31,24030.415
293,000736.SZ,20211021,5.34,5.47,5.27,5.32,5.28,0.04,0.7576,17137.37,9149.685
294,000736.SZ,20211020,5.39,5.39,5.24,5.28,5.32,-0.04,-0.7519,9031.76,4764.404
295,000736.SZ,20211019,5.42,5.43,5.29,5.32,5.4,-0.08,-1.4815,15035.68,8004.649
296,000736.SZ,20211018,5.44,5.44,5.3,5.4,5.41,-0.01,-0.1848,14322.96,7691.723
297,000736.SZ,20211015,5.51,5.71,5.34,5.41,5.56,-0.15,-2.6978,24548.99,13281.417
298,000736.SZ,20211014,5.52,5.63,5.5,5.56,5.64,-0.08,-1.4184,13368.39,7433.486
299,000736.SZ,20211013,5.72,5.82,5.58,5.64,5.72,-0.08,-1.3986,11666.96,6601.229
300,000736.SZ,20211012,5.81,5.88,5.66,5.72,5.83,-0.11,-1.8868,18462.36,10623.835
301,000736.SZ,20211011,5.96,6.05,5.82,5.83,5.89,-0.06,-1.0187,15222.96,8992.41
302,000736.SZ,20211008,5.85,6.01,5.81,5.89,5.81,0.08,1.3769,14173.43,8348.009
303,000736.SZ,20210930,5.82,6.0,5.8,5.81,5.81,0.0,0.0,13518.34,7930.329
304,000736.SZ,20210929,6.0,6.07,5.81,5.81,6.01,-0.2,-3.3278,12710.98,7524.642
305,000736.SZ,20210928,5.78,6.08,5.78,6.01,5.77,0.24,4.1594,14419.48,8626.136
306,000736.SZ,20210927,5.94,5.97,5.69,5.77,5.95,-0.18,-3.0252,14213.16,8247.648
307,000736.SZ,20210924,6.2,6.2,5.89,5.95,6.13,-0.18,-2.9364,19357.02,11692.868
308,000736.SZ,20210923,6.02,6.42,5.96,6.13,6.02,0.11,1.8272,19339.17,11983.327
309,000736.SZ,20210922,5.84,6.04,5.76,6.02,5.95,0.07,1.1765,16255.7,9659.031
310,000736.SZ,20210917,5.98,6.08,5.84,5.95,5.98,-0.03,-0.5017,12589.99,7489.49
311,000736.SZ,20210916,6.09,6.26,5.97,5.98,6.11,-0.13,-2.1277,15957.74,9755.475
312,000736.SZ,20210915,6.15,6.17,6.02,6.11,6.15,-0.04,-0.6504,17512.29,10687.772
313,000736.SZ,20210914,6.32,6.35,6.14,6.15,6.32,-0.17,-2.6899,13740.18,8551.497
314,000736.SZ,20210913,6.2,6.38,6.12,6.32,6.25,0.07,1.12,15509.34,9716.065
315,000736.SZ,20210910,6.27,6.33,6.2,6.25,6.27,-0.02,-0.319,10630.7,6673.003
316,000736.SZ,20210909,6.34,6.36,6.22,6.27,6.29,-0.02,-0.318,10092.5,6330.994
317,000736.SZ,20210908,6.2,6.32,6.15,6.29,6.2,0.09,1.4516,11918.01,7454.355
318,000736.SZ,20210907,6.18,6.25,6.12,6.2,6.15,0.05,0.813,14351.12,8839.764
319,000736.SZ,20210906,6.27,6.27,6.14,6.15,6.16,-0.01,-0.1623,16321.08,10065.64
320,000736.SZ,20210903,6.32,6.4,6.14,6.16,6.3,-0.14,-2.2222,12273.76,7634.73
321,000736.SZ,20210902,6.29,6.43,6.19,6.3,6.29,0.01,0.159,19995.3,12668.179
322,000736.SZ,20210901,6.12,6.35,6.07,6.29,6.12,0.17,2.7778,35600.11,22255.847
323,000736.SZ,20210831,5.93,6.15,5.85,6.12,5.95,0.17,2.8571,12527.95,7517.19
324,000736.SZ,20210830,6.15,6.15,5.9,5.95,6.13,-0.18,-2.9364,15429.1,9281.739
325,000736.SZ,20210827,6.13,6.17,6.04,6.13,6.14,-0.01,-0.1629,18497.84,11257.329
326,000736.SZ,20210826,6.08,6.25,6.03,6.14,6.08,0.06,0.9868,19834.98,12221.559
327,000736.SZ,20210825,6.08,6.13,5.99,6.08,6.08,0.0,0.0,14122.04,8548.771
328,000736.SZ,20210824,6.15,6.17,5.99,6.08,6.18,-0.1,-1.6181,14977.3,9088.339
329,000736.SZ,20210823,6.12,6.24,6.07,6.18,6.11,0.07,1.1457,14662.33,9027.958
330,000736.SZ,20210820,6.15,6.23,6.04,6.11,6.15,-0.04,-0.6504,16764.06,10304.85
331,000736.SZ,20210819,6.02,6.15,5.87,6.15,6.03,0.12,1.99,34800.14,20942.54
332,000736.SZ,20210818,5.9,6.05,5.83,6.03,5.95,0.08,1.3445,22561.66,13419.28
333,000736.SZ,20210817,5.87,6.16,5.8,5.95,5.89,0.06,1.0187,41459.43,24837.801
334,000736.SZ,20210816,5.66,6.02,5.56,5.89,5.66,0.23,4.0636,48857.92,28534.815
335,000736.SZ,20210813,5.68,5.75,5.64,5.66,5.76,-0.1,-1.7361,27190.53,15453.491
336,000736.SZ,20210812,5.98,6.13,5.67,5.76,5.98,-0.22,-3.6789,79372.47,46319.618
337,000736.SZ,20210811,5.44,5.98,5.44,5.98,5.44,0.54,9.9265,52505.79,31157.238
338,000736.SZ,20210810,5.5,5.5,5.39,5.44,5.46,-0.02,-0.3663,9395.46,5105.631
339,000736.SZ,20210809,5.24,5.57,5.2,5.46,5.24,0.22,4.1985,19041.99,10343.957
340,000736.SZ,20210806,5.42,5.42,5.2,5.24,5.4,-0.16,-2.963,22464.52,11797.706
341,000736.SZ,20210805,5.35,5.57,5.3,5.4,5.33,0.07,1.3133,18663.39,10131.41
342,000736.SZ,20210804,5.36,5.39,5.28,5.33,5.37,-0.04,-0.7449,10616.69,5650.433
343,000736.SZ,20210803,5.34,5.45,5.34,5.37,5.37,0.0,0.0,9982.12,5381.273
344,000736.SZ,20210802,5.34,5.45,5.15,5.37,5.34,0.03,0.5618,17284.74,9155.479
345,000736.SZ,20210730,5.49,5.49,5.32,5.34,5.5,-0.16,-2.9091,10276.8,5532.148
346,000736.SZ,20210729,5.49,5.57,5.45,5.5,5.49,0.01,0.1821,7601.71,4182.096
347,000736.SZ,20210728,5.61,5.61,5.38,5.49,5.61,-0.12,-2.139,7176.12,3935.165
348,000736.SZ,20210727,5.66,5.72,5.6,5.61,5.65,-0.04,-0.708,14931.0,8455.675
349,000736.SZ,20210726,5.98,5.98,5.65,5.65,5.98,-0.33,-5.5184,18509.54,10666.809
350,000736.SZ,20210723,6.07,6.09,5.97,5.98,6.07,-0.09,-1.4827,10590.22,6387.603
351,000736.SZ,20210722,6.05,6.11,6.05,6.07,6.05,0.02,0.3306,5561.93,3379.046
352,000736.SZ,20210721,6.04,6.12,6.03,6.05,6.04,0.01,0.1656,6366.64,3857.369
353,000736.SZ,20210720,6.06,6.1,6.02,6.04,6.06,-0.02,-0.33,6861.0,4148.515
354,000736.SZ,20210719,6.2,6.2,6.05,6.06,6.11,-0.05,-0.8183,9481.8,5760.875
355,000736.SZ,20210716,6.21,6.21,6.11,6.11,6.21,-0.1,-1.6103,10174.0,6252.715
356,000736.SZ,20210715,6.25,6.25,6.14,6.21,6.21,0.0,0.0,7264.04,4502.257
357,000736.SZ,20210714,6.26,6.26,6.2,6.21,6.24,-0.03,-0.4808,9988.15,6208.282
358,000736.SZ,20210713,6.19,6.27,6.16,6.24,6.2,0.04,0.6452,7519.7,4683.596
359,000736.SZ,20210712,6.3,6.3,6.19,6.2,6.22,-0.02,-0.3215,12028.44,7504.383
360,000736.SZ,20210709,6.19,6.22,6.16,6.22,6.19,0.03,0.4847,4588.9,2838.337
361,000736.SZ,20210708,6.2,6.24,6.16,6.19,6.19,0.0,0.0,7677.44,4759.994
362,000736.SZ,20210707,6.23,6.23,6.14,6.19,6.23,-0.04,-0.6421,9732.0,6021.335
363,000736.SZ,20210706,6.23,6.28,6.16,6.23,6.23,0.0,0.0,10250.39,6383.412
364,000736.SZ,20210705,6.24,6.31,6.2,6.23,6.23,0.0,0.0,6697.81,4175.602
365,000736.SZ,20210702,6.32,6.41,6.23,6.23,6.36,-0.13,-2.044,9712.02,6099.568
366,000736.SZ,20210701,6.37,6.44,6.22,6.36,6.3,0.06,0.9524,14485.84,9211.451
367,000736.SZ,20210630,6.31,6.38,6.28,6.3,6.26,0.04,0.639,8815.7,5568.896
368,000736.SZ,20210629,6.31,6.31,6.22,6.31,6.29,0.02,0.318,9885.38,6200.561
369,000736.SZ,20210628,6.42,6.5,6.26,6.29,6.4,-0.11,-1.7188,14486.24,9154.651
370,000736.SZ,20210625,6.31,6.43,6.26,6.4,6.26,0.14,2.2364,11841.92,7526.008
371,000736.SZ,20210624,6.31,6.36,6.24,6.26,6.29,-0.03,-0.4769,10488.0,6597.209
372,000736.SZ,20210623,6.35,6.35,6.25,6.29,6.27,0.02,0.319,7588.46,4777.227
373,000736.SZ,20210622,6.27,6.31,6.24,6.27,6.27,0.0,0.0,11419.94,7157.543
374,000736.SZ,20210621,6.34,6.34,6.25,6.27,6.34,-0.07,-1.1041,6702.63,4214.927
375,000736.SZ,20210618,6.33,6.39,6.26,6.34,6.33,0.01,0.158,13624.18,8614.08
376,000736.SZ,20210617,6.43,6.46,6.32,6.33,6.44,-0.11,-1.7081,8021.65,5107.775
377,000736.SZ,20210616,6.36,6.55,6.25,6.44,6.36,0.08,1.2579,15904.57,10209.297
378,000736.SZ,20210615,6.66,6.66,6.3,6.36,6.63,-0.27,-4.0724,22391.35,14413.9
379,000736.SZ,20210611,6.63,6.66,6.55,6.63,6.62,0.01,0.1511,10954.72,7247.648
380,000736.SZ,20210610,6.75,6.75,6.56,6.62,6.62,0.0,0.0,14119.31,9363.911
381,000736.SZ,20210609,6.7,6.74,6.6,6.62,6.76,-0.14,-2.071,11351.34,7560.957
382,000736.SZ,20210608,6.77,6.8,6.71,6.76,6.75,0.01,0.1481,10163.61,6870.484
383,000736.SZ,20210607,6.76,6.84,6.66,6.75,6.82,-0.07,-1.0264,16472.47,11095.555
384,000736.SZ,20210604,6.91,6.92,6.76,6.82,6.9,-0.08,-1.1594,13751.84,9389.151
385,000736.SZ,20210603,6.99,7.08,6.87,6.9,6.98,-0.08,-1.1461,10142.28,7023.682
386,000736.SZ,20210602,7.05,7.1,6.95,6.98,7.05,-0.07,-0.9929,8585.6,6016.657
387,000736.SZ,20210601,7.05,7.07,6.92,7.05,6.98,0.07,1.0029,10050.79,7041.813
388,000736.SZ,20210531,7.05,7.06,6.91,6.98,7.07,-0.09,-1.273,8696.16,6071.915
389,000736.SZ,20210528,7.06,7.1,6.97,7.07,7.05,0.02,0.2837,13664.0,9590.521
390,000736.SZ,20210527,7.07,7.14,6.99,7.05,7.1,-0.05,-0.7042,14971.8,10554.169
391,000736.SZ,20210526,7.2,7.25,7.06,7.1,7.16,-0.06,-0.838,11952.98,8534.227
392,000736.SZ,20210525,7.15,7.23,7.09,7.16,7.15,0.01,0.1399,11823.62,8462.604
393,000736.SZ,20210524,7.11,7.22,7.0,7.15,7.15,0.0,0.0,19250.6,13727.775
394,000736.SZ,20210521,7.08,7.18,7.02,7.15,7.06,0.09,1.2748,26936.24,19123.456
395,000736.SZ,20210520,6.79,7.1,6.79,7.06,6.88,0.18,2.6163,41548.62,29220.729
396,000736.SZ,20210519,6.96,6.96,6.75,6.88,6.96,-0.08,-1.1494,13273.74,9078.045
397,000736.SZ,20210518,6.83,6.99,6.83,6.96,6.85,0.11,1.6058,14083.94,9759.997
398,000736.SZ,20210517,6.91,7.01,6.83,6.85,6.92,-0.07,-1.0116,15388.87,10605.136
399,000736.SZ,20210514,6.95,6.97,6.81,6.92,6.84,0.08,1.1696,20433.57,14158.364
400,000736.SZ,20210513,7.05,7.05,6.84,6.84,6.91,-0.07,-1.013,14364.13,9910.473
401,000736.SZ,20210512,6.98,6.98,6.87,6.91,6.98,-0.07,-1.0029,13869.66,9597.56
402,000736.SZ,20210511,6.81,7.04,6.8,6.98,6.92,0.06,0.8671,20967.55,14525.726
403,000736.SZ,20210510,6.81,6.96,6.64,6.92,6.82,0.1,1.4663,35154.72,23981.405
404,000736.SZ,20210507,6.57,6.83,6.55,6.82,6.58,0.24,3.6474,30183.3,20336.254
405,000736.SZ,20210506,6.42,6.73,6.41,6.58,6.46,0.12,1.8576,16321.44,10837.831
406,000736.SZ,20210430,6.62,6.64,6.43,6.46,6.62,-0.16,-2.4169,13726.2,8915.479
407,000736.SZ,20210429,6.59,6.69,6.54,6.62,6.62,0.0,0.0,10553.3,7001.596
408,000736.SZ,20210428,6.58,6.64,6.5,6.62,6.61,0.01,0.1513,10674.44,7020.667
409,000736.SZ,20210427,6.61,6.66,6.52,6.61,6.65,-0.04,-0.6015,11670.5,7701.404
410,000736.SZ,20210426,6.75,6.79,6.6,6.65,6.77,-0.12,-1.7725,14109.2,9461.185
411,000736.SZ,20210423,6.74,6.79,6.6,6.77,6.72,0.05,0.744,19818.69,13305.067
412,000736.SZ,20210422,6.68,6.85,6.68,6.72,6.77,-0.05,-0.7386,13193.48,8921.805
413,000736.SZ,20210421,6.76,6.85,6.68,6.77,6.75,0.02,0.2963,26313.08,17818.122
414,000736.SZ,20210420,6.48,6.81,6.42,6.75,6.51,0.24,3.6866,66119.68,44217.65
415,000736.SZ,20210419,6.38,6.55,6.31,6.51,6.37,0.14,2.1978,30887.19,19782.465
416,000736.SZ,20210416,6.2,6.59,6.16,6.37,6.22,0.15,2.4116,34099.41,21841.213
417,000736.SZ,20210415,6.37,6.4,6.1,6.22,6.55,-0.33,-5.0382,38587.58,24077.547
418,000736.SZ,20210414,6.41,6.55,6.38,6.55,6.41,0.14,2.1841,8754.68,5677.572
419,000736.SZ,20210413,6.45,6.49,6.37,6.41,6.45,-0.04,-0.6202,8030.53,5146.937
420,000736.SZ,20210412,6.56,6.56,6.43,6.45,6.57,-0.12,-1.8265,8768.05,5682.494
421,000736.SZ,20210409,6.55,6.58,6.51,6.57,6.55,0.02,0.3053,7411.42,4854.94
422,000736.SZ,20210408,6.61,6.61,6.4,6.55,6.61,-0.06,-0.9077,10338.0,6766.679
423,000736.SZ,20210407,6.57,6.61,6.5,6.61,6.55,0.06,0.916,10706.6,7018.109
424,000736.SZ,20210406,6.49,6.58,6.45,6.55,6.53,0.02,0.3063,12501.76,8166.094
425,000736.SZ,20210402,6.51,6.58,6.47,6.53,6.51,0.02,0.3072,10633.3,6925.333
426,000736.SZ,20210401,6.52,6.54,6.43,6.51,6.52,-0.01,-0.1534,11740.2,7619.066
427,000736.SZ,20210331,6.39,6.53,6.36,6.52,6.39,0.13,2.0344,13801.02,8918.618
428,000736.SZ,20210330,6.37,6.43,6.3,6.39,6.39,0.0,0.0,10903.81,6932.831
429,000736.SZ,20210329,6.43,6.44,6.31,6.39,6.41,-0.02,-0.312,11548.94,7372.361
430,000736.SZ,20210326,6.46,6.46,6.33,6.41,6.4,0.01,0.1563,11718.72,7485.938
431,000736.SZ,20210325,6.55,6.55,6.38,6.4,6.48,-0.08,-1.2346,10224.51,6590.632
432,000736.SZ,20210324,6.51,6.63,6.45,6.48,6.51,-0.03,-0.4608,11023.26,7194.085
433,000736.SZ,20210323,6.59,6.61,6.5,6.51,6.56,-0.05,-0.7622,10384.2,6798.122
434,000736.SZ,20210322,6.58,6.67,6.3,6.56,6.58,-0.02,-0.304,14004.38,9222.725
435,000736.SZ,20210319,6.71,6.74,6.56,6.58,6.7,-0.12,-1.791,14728.26,9792.099
436,000736.SZ,20210318,6.64,6.77,6.64,6.7,6.69,0.01,0.1495,9693.36,6490.078
437,000736.SZ,20210317,6.67,6.75,6.6,6.69,6.71,-0.02,-0.2981,14408.71,9592.712
438,000736.SZ,20210316,6.58,6.78,6.56,6.71,6.58,0.13,1.9757,16196.34,10811.129
439,000736.SZ,20210315,6.59,6.65,6.54,6.58,6.59,-0.01,-0.1517,9653.0,6361.446
440,000736.SZ,20210312,6.48,6.7,6.46,6.59,6.5,0.09,1.3846,12238.44,8057.106
441,000736.SZ,20210311,6.37,6.5,6.35,6.5,6.37,0.13,2.0408,13264.41,8550.443
442,000736.SZ,20210310,6.52,6.62,6.37,6.37,6.51,-0.14,-2.1505,18446.56,11862.111
443,000736.SZ,20210309,6.76,6.9,6.46,6.51,6.76,-0.25,-3.6982,31436.56,20977.282
444,000736.SZ,20210308,6.68,6.8,6.64,6.76,6.68,0.08,1.1976,43326.54,29165.175
445,000736.SZ,20210305,6.64,6.72,6.59,6.68,6.67,0.01,0.1499,20042.6,13371.732
446,000736.SZ,20210304,6.51,6.73,6.51,6.67,6.59,0.08,1.214,35302.4,23475.408
447,000736.SZ,20210303,6.4,6.65,6.39,6.59,6.48,0.11,1.6975,28320.84,18464.446
448,000736.SZ,20210302,6.51,6.6,6.39,6.48,6.54,-0.06,-0.9174,26736.5,17385.143
449,000736.SZ,20210301,6.51,6.6,6.44,6.54,6.51,0.03,0.4608,29768.36,19360.765
450,000736.SZ,20210226,6.61,6.66,6.4,6.51,6.76,-0.25,-3.6982,67708.56,44123.099
451,000736.SZ,20210225,6.49,7.06,6.44,6.76,6.47,0.29,4.4822,119634.23,81465.238
452,000736.SZ,20210224,6.42,6.63,6.4,6.47,6.39,0.08,1.252,57847.56,37773.944
453,000736.SZ,20210223,6.41,6.56,6.38,6.39,6.5,-0.11,-1.6923,31393.42,20132.663
454,000736.SZ,20210222,6.28,6.58,6.28,6.5,6.27,0.23,3.6683,52065.8,33574.178
455,000736.SZ,20210219,6.13,6.32,6.12,6.27,6.16,0.11,1.7857,33176.58,20725.195
456,000736.SZ,20210218,6.05,6.22,6.04,6.16,6.04,0.12,1.9868,28584.86,17519.41
457,000736.SZ,20210210,6.07,6.07,5.98,6.04,6.07,-0.03,-0.4942,18001.69,10832.008
458,000736.SZ,20210209,6.09,6.12,5.97,6.07,6.05,0.02,0.3306,19125.21,11546.064
459,000736.SZ,20210208,6.06,6.18,6.0,6.05,6.07,-0.02,-0.3295,14634.38,8899.667
460,000736.SZ,20210205,6.0,6.19,5.96,6.07,6.0,0.07,1.1667,19356.35,11744.641
461,000736.SZ,20210204,6.11,6.11,5.93,6.0,6.1,-0.1,-1.6393,22764.98,13659.533
462,000736.SZ,20210203,6.18,6.18,6.04,6.1,6.16,-0.06,-0.974,19758.12,12016.75
463,000736.SZ,20210202,6.26,6.31,6.14,6.16,6.26,-0.1,-1.5974,15350.88,9525.649
464,000736.SZ,20210201,6.08,6.29,5.96,6.26,6.12,0.14,2.2876,32119.27,19710.186
465,000736.SZ,20210129,6.22,6.32,6.1,6.12,6.22,-0.1,-1.6077,22641.91,14036.624
466,000736.SZ,20210128,6.37,6.37,6.21,6.22,6.36,-0.14,-2.2013,21530.59,13466.922
467,000736.SZ,20210127,6.32,6.5,6.26,6.36,6.32,0.04,0.6329,21660.3,13796.615
468,000736.SZ,20210126,6.23,6.4,6.23,6.32,6.32,0.0,0.0,23702.2,15012.955
469,000736.SZ,20210125,6.5,6.52,6.22,6.32,6.5,-0.18,-2.7692,40968.81,25953.951
470,000736.SZ,20210122,6.45,6.55,6.41,6.5,6.51,-0.01,-0.1536,24122.2,15596.921
471,000736.SZ,20210121,6.65,6.65,6.48,6.51,6.55,-0.04,-0.6107,31681.76,20725.315
472,000736.SZ,20210120,6.64,6.68,6.4,6.55,6.69,-0.14,-2.0927,33807.06,22267.001
473,000736.SZ,20210119,6.49,6.85,6.37,6.69,6.5,0.19,2.9231,86816.99,57637.211
474,000736.SZ,20210118,6.46,6.55,6.4,6.5,6.46,0.04,0.6192,35030.61,22619.643
475,000736.SZ,20210115,6.41,6.54,6.36,6.46,6.41,0.05,0.78,33146.02,21375.148
476,000736.SZ,20210114,6.29,6.47,6.15,6.41,6.29,0.12,1.9078,57225.39,36063.113
477,000736.SZ,20210113,6.41,6.42,6.15,6.29,6.41,-0.12,-1.8721,49398.96,30920.423
478,000736.SZ,20210112,6.4,6.48,6.33,6.41,6.45,-0.04,-0.6202,31634.59,20214.257
479,000736.SZ,20210111,6.27,6.64,6.14,6.45,6.27,0.18,2.8708,90985.99,58517.443
480,000736.SZ,20210108,6.36,6.36,6.18,6.27,6.37,-0.1,-1.5699,33869.71,21191.255
481,000736.SZ,20210107,6.57,6.66,6.36,6.37,6.56,-0.19,-2.8963,38713.45,25008.665
482,000736.SZ,20210106,6.51,6.62,6.51,6.56,6.55,0.01,0.1527,21074.08,13847.295
483,000736.SZ,20210105,6.57,6.6,6.4,6.55,6.61,-0.06,-0.9077,31846.34,20711.766
484,000736.SZ,20210104,6.7,6.71,6.56,6.61,6.68,-0.07,-1.0479,33664.46,22227.51
485,000736.SZ,20201231,6.6,6.72,6.56,6.68,6.6,0.08,1.2121,28618.5,19103.777
486,000736.SZ,20201230,6.65,6.7,6.55,6.6,6.67,-0.07,-1.0495,34351.03,22716.587
487,000736.SZ,20201229,6.56,6.78,6.54,6.67,6.58,0.09,1.3678,19550.8,13072.487
488,000736.SZ,20201228,6.65,6.72,6.56,6.58,6.7,-0.12,-1.791,17406.8,11515.689
489,000736.SZ,20201225,6.72,6.74,6.57,6.7,6.69,0.01,0.1495,15693.64,10464.169
490,000736.SZ,20201224,6.93,6.93,6.67,6.69,6.86,-0.17,-2.4781,38739.82,26283.689
491,000736.SZ,20201223,6.81,6.91,6.81,6.86,6.86,0.0,0.0,18444.78,12663.029
492,000736.SZ,20201222,6.94,6.97,6.82,6.86,6.92,-0.06,-0.8671,26823.7,18516.07
493,000736.SZ,20201221,6.88,6.97,6.78,6.92,6.9,0.02,0.2899,21316.76,14667.434
494,000736.SZ,20201218,6.9,6.98,6.88,6.9,6.92,-0.02,-0.289,17998.55,12461.917
495,000736.SZ,20201217,6.8,6.95,6.75,6.92,6.81,0.11,1.6153,19109.37,13087.744
496,000736.SZ,20201216,6.87,6.9,6.75,6.81,6.86,-0.05,-0.7289,18866.16,12867.585
497,000736.SZ,20201215,6.87,6.92,6.79,6.86,6.92,-0.06,-0.8671,18679.06,12782.962
498,000736.SZ,20201214,6.83,6.97,6.79,6.92,6.8,0.12,1.7647,23190.64,15979.119
499,000736.SZ,20201211,7.04,7.04,6.78,6.8,6.95,-0.15,-2.1583,30844.37,21103.13
500,000736.SZ,20201210,7.01,7.03,6.95,6.95,7.0,-0.05,-0.7143,21920.19,15288.311
501,000736.SZ,20201209,7.0,7.1,6.98,7.0,7.01,-0.01,-0.1427,28047.19,19714.409
502,000736.SZ,20201208,7.05,7.1,6.99,7.01,7.07,-0.06,-0.8487,30817.39,21671.992
503,000736.SZ,20201207,7.15,7.15,7.05,7.07,7.15,-0.08,-1.1189,32099.41,22729.497
504,000736.SZ,20201204,7.27,7.27,7.12,7.15,7.27,-0.12,-1.6506,39089.18,27992.74
505,000736.SZ,20201203,7.35,7.39,7.2,7.27,7.35,-0.08,-1.0884,33349.41,24281.826
506,000736.SZ,20201202,7.25,7.41,7.2,7.35,7.24,0.11,1.5193,54196.82,39764.044
507,000736.SZ,20201201,7.17,7.28,7.05,7.24,7.23,0.01,0.1383,40821.44,29176.647
508,000736.SZ,20201130,7.1,7.42,7.08,7.23,7.12,0.11,1.5449,69344.16,50680.887
509,000736.SZ,20201127,7.02,7.2,7.0,7.12,7.02,0.1,1.4245,33290.31,23668.632
510,000736.SZ,20201126,7.03,7.08,7.0,7.02,7.05,-0.03,-0.4255,26885.26,18903.785
511,000736.SZ,20201125,7.11,7.17,7.03,7.05,7.09,-0.04,-0.5642,33943.82,24106.886
512,000736.SZ,20201124,7.21,7.24,7.06,7.09,7.24,-0.15,-2.0718,46151.32,32887.403
513,000736.SZ,20201123,7.18,7.33,7.15,7.24,7.27,-0.03,-0.4127,59604.26,43016.959
514,000736.SZ,20201120,7.34,7.34,7.23,7.27,7.34,-0.07,-0.9537,35923.38,26143.663
515,000736.SZ,20201119,7.45,7.5,7.28,7.34,7.44,-0.1,-1.3441,48453.22,35635.431
516,000736.SZ,20201118,7.56,7.56,7.33,7.44,7.61,-0.17,-2.2339,71415.2,53146.802
517,000736.SZ,20201117,7.24,7.64,7.24,7.61,7.34,0.27,3.6785,95009.83,71337.825
518,000736.SZ,20201116,7.29,7.37,7.18,7.34,7.2,0.14,1.9444,36347.97,26453.102
519,000736.SZ,20201113,7.3,7.36,7.16,7.2,7.36,-0.16,-2.1739,34109.12,24670.525
520,000736.SZ,20201112,7.39,7.99,7.28,7.36,7.39,-0.03,-0.406,40110.95,29598.532
521,000736.SZ,20201111,7.3,7.58,7.22,7.39,7.31,0.08,1.0944,60853.62,45107.24
522,000736.SZ,20201110,7.3,7.42,7.25,7.31,7.3,0.01,0.137,34751.66,25393.781
523,000736.SZ,20201109,7.36,7.45,7.23,7.3,7.37,-0.07,-0.9498,66329.06,48508.106
524,000736.SZ,20201106,7.0,7.48,6.95,7.37,7.02,0.35,4.9858,101516.92,73982.24
525,000736.SZ,20201105,6.88,7.03,6.87,7.02,6.87,0.15,2.1834,45456.6,31658.837
526,000736.SZ,20201104,6.97,6.99,6.85,6.87,6.93,-0.06,-0.8658,31860.51,21960.869
527,000736.SZ,20201103,6.8,6.96,6.75,6.93,6.73,0.2,2.9718,33930.88,23306.034
528,000736.SZ,20201102,6.96,7.03,6.71,6.73,7.0,-0.27,-3.8571,95602.3,65115.386
529,000736.SZ,20201030,7.16,7.31,6.96,7.0,7.21,-0.21,-2.9126,57836.27,41039.271
530,000736.SZ,20201029,7.2,7.21,7.06,7.21,7.2,0.01,0.1389,27390.39,19552.902
531,000736.SZ,20201028,7.21,7.29,7.1,7.2,7.24,-0.04,-0.5525,26191.44,18828.018
532,000736.SZ,20201027,7.28,7.37,7.15,7.24,7.35,-0.11,-1.4966,24851.1,17985.565
533,000736.SZ,20201026,7.31,7.46,7.29,7.35,7.4,-0.05,-0.6757,31665.67,23307.348
534,000736.SZ,20201023,7.41,7.54,7.33,7.4,7.41,-0.01,-0.135,39777.9,29656.664
535,000736.SZ,20201022,7.41,7.44,7.32,7.41,7.41,0.0,0.0,28520.34,21102.342
536,000736.SZ,20201021,7.39,7.5,7.31,7.41,7.41,0.0,0.0,28919.88,21357.826
537,000736.SZ,20201020,7.46,7.49,7.32,7.41,7.47,-0.06,-0.8032,39835.02,29568.437
538,000736.SZ,20201019,7.55,7.63,7.33,7.47,7.47,0.0,0.0,65061.63,48593.442
539,000736.SZ,20201016,7.26,7.6,7.21,7.47,7.23,0.24,3.3195,118286.49,88230.68
540,000736.SZ,20201015,7.25,7.45,7.17,7.23,7.26,-0.03,-0.4132,47278.28,34458.126
541,000736.SZ,20201014,7.2,7.27,7.07,7.26,7.25,0.01,0.1379,35675.59,25552.109
542,000736.SZ,20201013,7.13,7.31,7.09,7.25,7.17,0.08,1.1158,41444.92,29888.621
543,000736.SZ,20201012,7.11,7.21,7.0,7.17,7.12,0.05,0.7022,65815.77,46796.85
544,000736.SZ,20201009,6.71,7.26,6.71,7.12,6.6,0.52,7.8788,135370.45,96139.784
545,000736.SZ,20200930,6.71,6.74,6.5,6.6,6.71,-0.11,-1.6393,47848.15,31551.535
546,000736.SZ,20200929,6.74,6.82,6.7,6.71,6.74,-0.03,-0.4451,19692.79,13281.601
547,000736.SZ,20200928,6.82,6.95,6.74,6.74,6.8,-0.06,-0.8824,27465.5,18709.813
548,000736.SZ,20200925,6.9,6.95,6.5,6.8,6.88,-0.08,-1.1628,36554.96,24835.066
549,000736.SZ,20200924,7.1,7.1,6.84,6.88,7.12,-0.24,-3.3708,54036.82,37469.402
550,000736.SZ,20200923,7.18,7.24,7.08,7.12,7.09,0.03,0.4231,33016.35,23589.041
551,000736.SZ,20200922,7.2,7.2,7.05,7.09,7.19,-0.1,-1.3908,31888.11,22674.913
552,000736.SZ,20200921,7.22,7.24,7.13,7.19,7.22,-0.03,-0.4155,34380.34,24680.118
553,000736.SZ,20200918,7.05,7.23,6.99,7.22,7.03,0.19,2.7027,67348.5,48195.474
554,000736.SZ,20200917,7.05,7.05,6.95,7.03,7.04,-0.01,-0.142,25450.4,17823.977
555,000736.SZ,20200916,6.98,7.09,6.94,7.04,6.97,0.07,1.0043,25549.85,17934.723
556,000736.SZ,20200915,7.09,7.09,6.9,6.97,7.04,-0.07,-0.9943,34426.58,23976.666
557,000736.SZ,20200914,7.04,7.17,6.96,7.04,7.03,0.01,0.1422,49417.44,34737.383
558,000736.SZ,20200911,7.0,7.06,6.86,7.03,7.05,-0.02,-0.2837,36180.0,25228.216
559,000736.SZ,20200910,7.05,7.26,7.03,7.05,7.01,0.04,0.5706,59168.91,42187.585
560,000736.SZ,20200909,7.0,7.15,6.95,7.01,7.09,-0.08,-1.1283,47449.08,33429.625
561,000736.SZ,20200908,7.01,7.12,6.97,7.09,7.01,0.08,1.1412,41360.17,29167.663
562,000736.SZ,20200907,7.1,7.21,7.0,7.01,7.08,-0.07,-0.9887,38815.99,27591.068
563,000736.SZ,20200904,6.89,7.12,6.85,7.08,6.98,0.1,1.4327,33491.87,23426.807
564,000736.SZ,20200903,7.04,7.07,6.93,6.98,7.04,-0.06,-0.8523,41233.75,28839.466
565,000736.SZ,20200902,7.11,7.12,7.01,7.04,7.11,-0.07,-0.9845,47252.94,33318.454
566,000736.SZ,20200901,7.11,7.16,7.06,7.11,7.11,0.0,0.0,42304.12,30078.635
567,000736.SZ,20200831,7.24,7.31,7.09,7.11,7.2,-0.09,-1.25,70085.77,50354.399
568,000736.SZ,20200828,7.14,7.42,7.11,7.2,7.11,0.09,1.2658,77935.18,56506.554
569,000736.SZ,20200827,7.0,7.13,6.92,7.11,7.04,0.07,0.9943,44952.56,31588.534
570,000736.SZ,20200826,7.13,7.21,7.0,7.04,7.19,-0.15,-2.0862,46540.76,33125.706
571,000736.SZ,20200825,7.17,7.24,7.12,7.19,7.22,-0.03,-0.4155,43635.67,31289.467
572,000736.SZ,20200824,7.2,7.28,7.11,7.22,7.16,0.06,0.838,55812.92,40134.814
573,000736.SZ,20200821,7.35,7.39,7.1,7.16,7.34,-0.18,-2.4523,99112.19,71594.402
574,000736.SZ,20200820,7.48,7.5,7.31,7.34,7.51,-0.17,-2.2636,68780.89,50760.791
575,000736.SZ,20200819,7.64,7.78,7.45,7.51,7.64,-0.13,-1.7016,85967.27,65074.347
576,000736.SZ,20200818,7.82,7.92,7.41,7.64,7.78,-0.14,-1.7995,110819.0,84752.688
577,000736.SZ,20200817,7.28,8.0,7.23,7.78,7.27,0.51,7.0151,193711.26,150083.856
578,000736.SZ,20200814,7.19,7.27,7.05,7.27,7.18,0.09,1.2535,62682.5,44811.447
579,000736.SZ,20200813,7.4,7.48,7.11,7.18,7.38,-0.2,-2.71,71570.04,51861.171
580,000736.SZ,20200812,7.48,7.55,7.2,7.38,7.51,-0.13,-1.731,93160.72,68494.553
581,000736.SZ,20200811,7.52,7.71,7.38,7.51,7.43,0.08,1.0767,90402.93,68348.56
582,000736.SZ,20200810,7.23,7.78,7.19,7.43,7.22,0.21,2.9086,104374.93,78286.922
583,000736.SZ,20200807,7.36,7.42,7.1,7.22,7.39,-0.17,-2.3004,41608.49,30094.963
584,000736.SZ,20200806,7.41,7.55,7.33,7.39,7.41,-0.02,-0.2699,33922.23,25170.111
585,000736.SZ,20200805,7.48,7.56,7.25,7.41,7.56,-0.15,-1.9841,75173.09,55552.0
586,000736.SZ,20200804,7.39,7.66,7.33,7.56,7.39,0.17,2.3004,81654.1,61224.929
587,000736.SZ,20200803,7.52,7.53,7.28,7.39,7.32,0.07,0.9563,74868.1,55232.877
588,000736.SZ,20200731,7.26,7.45,7.21,7.32,7.25,0.07,0.9655,52138.52,38121.681
589,000736.SZ,20200730,7.34,7.4,7.2,7.25,7.36,-0.11,-1.4946,61522.99,44775.112
590,000736.SZ,20200729,7.06,7.38,7.0,7.36,7.06,0.3,4.2493,83648.07,60862.345
591,000736.SZ,20200728,7.23,7.23,6.92,7.06,7.05,0.01,0.1418,55593.95,38918.207
592,000736.SZ,20200727,7.05,7.12,6.72,7.05,7.0,0.05,0.7143,92089.72,63685.638
593,000736.SZ,20200724,7.35,7.45,6.9,7.0,7.46,-0.46,-6.1662,139438.99,99030.332
594,000736.SZ,20200723,7.59,7.6,7.28,7.46,7.68,-0.22,-2.8646,86766.94,64147.198
595,000736.SZ,20200722,7.57,7.73,7.49,7.68,7.63,0.05,0.6553,59530.53,45368.426
596,000736.SZ,20200721,7.7,7.77,7.55,7.63,7.7,-0.07,-0.9091,47456.46,36212.289
597,000736.SZ,20200720,7.48,7.74,7.36,7.7,7.48,0.22,2.9412,85276.59,64900.688
598,000736.SZ,20200717,7.28,7.65,7.26,7.48,7.28,0.2,2.7473,90875.88,67276.466
599,000736.SZ,20200716,7.61,7.71,7.18,7.28,7.59,-0.31,-4.0843,103898.22,78064.763
600,000736.SZ,20200715,8.03,8.03,7.5,7.59,7.95,-0.36,-4.5283,145490.51,112159.832
601,000736.SZ,20200714,8.12,8.19,7.76,7.95,8.09,-0.14,-1.7305,145677.93,116228.622
602,000736.SZ,20200713,8.08,8.27,8.02,8.09,8.11,-0.02,-0.2466,145234.75,117849.775
603,000736.SZ,20200710,8.34,8.54,8.07,8.11,8.34,-0.23,-2.7578,139417.44,114647.299
604,000736.SZ,20200709,8.31,8.43,8.19,8.34,8.45,-0.11,-1.3018,155208.16,128412.116
605,000736.SZ,20200708,8.4,8.56,8.0,8.45,8.45,0.0,0.0,200083.93,165479.178
606,000736.SZ,20200707,8.77,9.07,8.19,8.45,8.59,-0.14,-1.6298,275023.3,236343.884
607,000736.SZ,20200706,7.91,8.59,7.87,8.59,7.81,0.78,9.9872,265478.18,221645.075
608,000736.SZ,20200703,7.8,8.28,7.66,7.81,7.9,-0.09,-1.1392,254913.29,201814.456
609,000736.SZ,20200702,7.7,8.11,7.7,7.9,7.37,0.53,7.1913,378407.12,301308.487
610,000736.SZ,20200701,6.7,7.37,6.64,7.37,6.7,0.67,10.0,140089.77,100042.009
611,000736.SZ,20200630,6.72,6.85,6.47,6.7,6.72,-0.02,-0.2976,87156.29,58089.627
612,000736.SZ,20200629,6.73,6.88,6.65,6.72,6.8,-0.08,-1.1765,39623.24,26709.424
613,000736.SZ,20200624,6.59,6.92,6.54,6.8,6.58,0.22,3.3435,54693.41,36883.272
614,000736.SZ,20200623,6.71,6.75,6.54,6.58,6.7,-0.12,-1.791,51015.98,33672.41
615,000736.SZ,20200622,6.82,7.03,6.6,6.7,6.82,-0.12,-1.7595,63041.94,42751.875
616,000736.SZ,20200619,6.58,6.9,6.51,6.82,6.64,0.18,2.7108,82983.06,55968.254
617,000736.SZ,20200618,6.47,6.93,6.4,6.64,6.47,0.17,2.6275,97925.31,65675.0
618,000736.SZ,20200617,8.73,8.77,8.41,8.52,8.7,-0.18,-2.069,59708.59,51123.558
619,000736.SZ,20200616,8.89,9.07,8.62,8.7,8.89,-0.19,-2.1372,69398.44,61016.36
620,000736.SZ,20200615,9.21,9.34,8.81,8.89,9.27,-0.38,-4.0992,77466.25,70555.141
621,000736.SZ,20200612,8.45,9.4,8.45,9.27,8.73,0.54,6.1856,119788.14,107614.576
622,000736.SZ,20200611,8.34,8.88,8.32,8.73,8.38,0.35,4.1766,95205.99,82452.694
623,000736.SZ,20200610,8.34,8.53,8.28,8.38,8.35,0.03,0.3593,45709.17,38416.096
624,000736.SZ,20200609,8.38,8.45,8.18,8.35,8.19,0.16,1.9536,47505.31,39531.925
625,000736.SZ,20200608,8.37,8.53,8.09,8.19,8.13,0.06,0.738,69178.95,57397.227
626,000736.SZ,20200605,8.2,8.21,7.96,8.13,8.2,-0.07,-0.8537,48008.54,38797.42
627,000736.SZ,20200604,8.1,8.41,8.04,8.2,8.11,0.09,1.1097,90197.21,73889.175
628,000736.SZ,20200603,8.04,8.43,8.01,8.11,8.01,0.1,1.2484,105034.77,86232.946
629,000736.SZ,20200602,7.78,8.45,7.72,8.01,7.69,0.32,4.1612,83312.18,66725.549
630,000736.SZ,20200601,7.32,7.84,7.28,7.69,7.27,0.42,5.7772,96055.63,73440.107
631,000736.SZ,20200529,7.07,7.34,7.01,7.27,7.17,0.1,1.3947,47611.51,34216.366
632,000736.SZ,20200528,6.86,7.48,6.86,7.17,6.88,0.29,4.2151,80371.38,57984.566
633,000736.SZ,20200527,6.87,6.95,6.82,6.88,6.88,0.0,0.0,17921.58,12323.78
634,000736.SZ,20200526,6.7,6.9,6.66,6.88,6.69,0.19,2.8401,24302.0,16494.516
635,000736.SZ,20200525,6.73,6.77,6.68,6.69,6.73,-0.04,-0.5944,14622.5,9806.446
636,000736.SZ,20200522,6.85,6.85,6.7,6.73,6.87,-0.14,-2.0378,18305.61,12368.391
637,000736.SZ,20200521,6.98,7.02,6.84,6.87,6.98,-0.11,-1.5759,19180.8,13263.346
638,000736.SZ,20200520,6.95,7.03,6.87,6.98,6.95,0.03,0.4317,23774.89,16476.195
639,000736.SZ,20200519,7.06,7.08,6.91,6.95,6.99,-0.04,-0.5722,21007.4,14652.048
640,000736.SZ,20200518,7.06,7.06,6.94,6.99,7.06,-0.07,-0.9915,26500.75,18540.886
641,000736.SZ,20200515,7.12,7.2,6.98,7.06,7.09,-0.03,-0.4231,26574.28,18831.732
642,000736.SZ,20200514,7.2,7.26,7.08,7.09,7.29,-0.2,-2.7435,25873.58,18519.962
643,000736.SZ,20200513,7.26,7.29,7.15,7.29,7.29,0.0,0.0,28868.11,20814.627
644,000736.SZ,20200512,7.43,7.43,7.22,7.29,7.43,-0.14,-1.8843,22007.7,16063.131
645,000736.SZ,20200511,7.42,7.5,7.35,7.43,7.39,0.04,0.5413,32402.67,24078.21
646,000736.SZ,20200508,7.32,7.42,7.28,7.39,7.33,0.06,0.8186,28343.42,20836.312
647,000736.SZ,20200507,7.26,7.45,7.2,7.33,7.25,0.08,1.1034,39511.03,28912.34
648,000736.SZ,20200506,7.28,7.37,7.13,7.25,7.37,-0.12,-1.6282,41129.86,29607.815
649,000736.SZ,20200430,7.35,7.46,7.24,7.37,7.29,0.08,1.0974,39080.01,28688.853
650,000736.SZ,20200429,7.14,7.33,7.09,7.29,7.18,0.11,1.532,38235.03,27673.105
651,000736.SZ,20200428,7.21,7.29,6.82,7.18,7.21,-0.03,-0.4161,41394.81,29371.961
652,000736.SZ,20200427,7.2,7.37,7.16,7.21,7.2,0.01,0.1389,34167.6,24843.374
653,000736.SZ,20200424,7.4,7.42,7.09,7.2,7.42,-0.22,-2.965,59349.8,42852.707
654,000736.SZ,20200423,7.5,7.55,7.39,7.42,7.48,-0.06,-0.8021,42278.16,31563.966
655,000736.SZ,20200422,7.43,7.52,7.37,7.48,7.53,-0.05,-0.664,46997.51,34944.322
656,000736.SZ,20200421,7.58,7.58,7.4,7.53,7.61,-0.08,-1.0512,51621.4,38572.026
657,000736.SZ,20200420,7.63,7.63,7.4,7.61,7.58,0.03,0.3958,46913.45,35347.286
658,000736.SZ,20200417,7.65,7.73,7.55,7.58,7.56,0.02,0.2646,57575.98,43876.922
659,000736.SZ,20200416,7.66,7.66,7.49,7.56,7.65,-0.09,-1.1765,56418.8,42579.81
660,000736.SZ,20200415,7.71,7.85,7.61,7.65,7.88,-0.23,-2.9188,87973.0,67869.994
661,000736.SZ,20200414,7.52,8.05,7.5,7.88,7.53,0.35,4.6481,96866.8,75664.468
662,000736.SZ,20200413,7.79,7.8,7.52,7.53,7.87,-0.34,-4.3202,94234.24,71808.263
663,000736.SZ,20200410,7.68,8.09,7.64,7.87,7.62,0.25,3.2808,151980.87,118882.177
664,000736.SZ,20200409,7.74,7.74,7.58,7.62,7.67,-0.05,-0.6519,83008.28,63567.42
665,000736.SZ,20200408,8.03,8.03,7.61,7.67,7.99,-0.32,-4.005,120977.37,93673.762
666,000736.SZ,20200407,8.1,8.13,7.93,7.99,7.92,0.07,0.8838,92935.52,74387.599
667,000736.SZ,20200403,8.07,8.2,7.8,7.92,8.07,-0.15,-1.8587,89743.81,71460.069
668,000736.SZ,20200402,7.8,8.08,7.7,8.07,7.82,0.25,3.1969,67605.52,53502.284
669,000736.SZ,20200401,7.94,8.15,7.7,7.82,7.95,-0.13,-1.6352,103815.28,82222.694
670,000736.SZ,20200331,8.52,8.55,7.92,7.95,8.46,-0.51,-6.0284,111455.71,90588.847
671,000736.SZ,20200330,8.13,8.57,8.03,8.46,8.37,0.09,1.0753,102459.07,84451.457
672,000736.SZ,20200327,8.24,8.77,8.1,8.37,8.07,0.3,3.7175,150724.28,126699.156
673,000736.SZ,20200326,7.95,8.26,7.9,8.07,8.2,-0.13,-1.5854,110729.12,89409.426
674,000736.SZ,20200325,7.66,8.2,7.53,8.2,7.45,0.75,10.0671,158490.12,123970.626
675,000736.SZ,20200324,7.57,7.68,7.19,7.45,7.43,0.02,0.2692,93116.1,69189.691
676,000736.SZ,20200323,7.58,7.87,7.33,7.43,7.94,-0.51,-6.4232,113141.62,86291.625
677,000736.SZ,20200320,7.94,8.12,7.8,7.94,7.73,0.21,2.7167,121253.33,96392.448
678,000736.SZ,20200319,8.06,8.07,7.52,7.73,8.0,-0.27,-3.375,196797.2,151875.469
679,000736.SZ,20200318,8.57,8.97,7.94,8.0,8.57,-0.57,-6.6511,156452.88,131527.584
680,000736.SZ,20200317,8.54,8.84,8.3,8.57,8.42,0.15,1.7815,134923.05,116062.821
681,000736.SZ,20200316,9.2,9.54,8.42,8.42,9.19,-0.77,-8.3787,165143.01,149642.013
682,000736.SZ,20200313,8.73,9.26,8.49,9.19,9.13,0.06,0.6572,104347.03,93060.838
683,000736.SZ,20200312,8.88,9.47,8.88,9.13,8.96,0.17,1.8973,148379.28,136925.5
684,000736.SZ,20200311,9.31,9.6,8.96,8.96,9.58,-0.62,-6.4718,118971.77,110131.781
685,000736.SZ,20200310,9.1,9.75,8.76,9.58,9.13,0.45,4.9288,203277.31,191773.019
686,000736.SZ,20200309,9.35,9.87,8.96,9.13,9.87,-0.74,-7.4975,204427.83,190712.453
687,000736.SZ,20200306,10.0,10.33,9.61,9.87,10.55,-0.68,-6.4455,262713.61,259871.143
688,000736.SZ,20200305,10.0,11.1,9.8,10.55,10.11,0.44,4.3521,379801.95,394625.808
689,000736.SZ,20200304,8.86,10.11,8.86,10.11,9.19,0.92,10.0109,315782.8,310145.997
690,000736.SZ,20200303,9.19,9.19,8.52,9.19,8.35,0.84,10.0599,326393.5,295807.789
691,000736.SZ,20200302,7.7,8.35,7.7,8.35,7.59,0.76,10.0132,89629.23,72386.011
692,000736.SZ,20200228,7.72,8.05,7.54,7.59,7.78,-0.19,-2.4422,83705.03,64935.102
693,000736.SZ,20200227,7.73,8.06,7.64,7.78,7.72,0.06,0.7772,60731.38,47829.491
694,000736.SZ,20200226,7.19,7.99,7.14,7.72,7.31,0.41,5.6088,103051.13,79620.14
695,000736.SZ,20200225,6.96,7.34,6.88,7.31,7.05,0.26,3.6879,63967.9,45504.869
696,000736.SZ,20200224,7.08,7.13,6.86,7.05,7.16,-0.11,-1.5363,40758.23,28576.947
697,000736.SZ,20200221,7.18,7.26,7.12,7.16,7.18,-0.02,-0.2786,39420.42,28244.345
698,000736.SZ,20200220,7.09,7.26,6.97,7.18,7.09,0.09,1.2694,47120.15,33699.652
699,000736.SZ,20200219,6.78,7.35,6.77,7.09,6.81,0.28,4.1116,76227.07,54264.083
700,000736.SZ,20200218,6.65,6.89,6.6,6.81,6.69,0.12,1.7937,51356.44,34573.808
701,000736.SZ,20200217,6.66,6.7,6.57,6.69,6.64,0.05,0.753,46216.97,30693.993
702,000736.SZ,20200214,6.54,6.71,6.45,6.64,6.49,0.15,2.3112,50183.9,33196.809
703,000736.SZ,20200213,6.41,6.58,6.39,6.49,6.39,0.1,1.5649,39178.31,25408.367
704,000736.SZ,20200212,6.43,6.43,6.34,6.39,6.39,0.0,0.0,29023.65,18523.011
705,000736.SZ,20200211,6.36,6.43,6.35,6.39,6.37,0.02,0.314,34642.85,22148.665
706,000736.SZ,20200210,6.36,6.45,6.27,6.37,6.35,0.02,0.315,51307.8,32639.258
707,000736.SZ,20200207,6.4,6.41,6.31,6.35,6.4,-0.05,-0.7813,32199.29,20419.821
708,000736.SZ,20200206,6.39,6.47,6.26,6.4,6.35,0.05,0.7874,30370.38,19321.335
709,000736.SZ,20200205,6.37,6.43,6.3,6.35,6.34,0.01,0.1577,32669.81,20769.145
710,000736.SZ,20200204,6.2,6.43,6.18,6.34,6.48,-0.14,-2.1605,48447.52,30585.863
711,000736.SZ,20200203,6.48,6.58,6.48,6.48,7.2,-0.72,-10.0,16424.0,10648.663
712,000736.SZ,20200123,7.37,7.38,7.04,7.2,7.37,-0.17,-2.3066,35676.6,25793.57
713,000736.SZ,20200122,7.28,7.37,7.24,7.37,7.27,0.1,1.3755,23363.52,17068.477
714,000736.SZ,20200121,7.28,7.35,7.23,7.27,7.31,-0.04,-0.5472,26015.6,18908.56
715,000736.SZ,20200120,7.38,7.38,7.25,7.31,7.31,0.0,0.0,14675.82,10697.018
716,000736.SZ,20200117,7.39,7.39,7.28,7.31,7.32,-0.01,-0.1366,10261.88,7507.905
717,000736.SZ,20200116,7.43,7.44,7.31,7.32,7.4,-0.08,-1.0811,17199.94,12654.203
718,000736.SZ,20200115,7.38,7.47,7.34,7.4,7.39,0.01,0.1353,19914.4,14734.545
719,000736.SZ,20200114,7.36,7.41,7.31,7.39,7.35,0.04,0.5442,27807.32,20449.929
720,000736.SZ,20200113,7.25,7.38,7.17,7.35,7.19,0.16,2.2253,28497.25,20760.919
721,000736.SZ,20200110,7.23,7.28,7.15,7.19,7.24,-0.05,-0.6906,11785.84,8484.976
722,000736.SZ,20200109,7.19,7.26,7.18,7.24,7.13,0.11,1.5428,17812.56,12871.563
723,000736.SZ,20200108,7.21,7.26,7.12,7.13,7.26,-0.13,-1.7906,24870.76,17887.82
724,000736.SZ,20200107,7.26,7.36,7.2,7.26,7.26,0.0,0.0,25737.69,18707.533
725,000736.SZ,20200106,7.21,7.36,7.12,7.26,7.21,0.05,0.6935,29202.7,21148.791
726,000736.SZ,20200103,7.21,7.31,7.18,7.21,7.25,-0.04,-0.5517,29117.08,21066.967
727,000736.SZ,20200102,7.21,7.41,7.16,7.25,7.12,0.13,1.8258,58284.99,42480.685
728,000736.SZ,20191231,7.0,7.14,6.97,7.12,6.98,0.14,2.0057,39356.09,27705.905
729,000736.SZ,20191230,6.91,7.03,6.85,6.98,6.89,0.09,1.3062,34424.47,23869.579
730,000736.SZ,20191227,6.96,7.0,6.88,6.89,6.96,-0.07,-1.0057,25040.42,17329.397
731,000736.SZ,20191226,6.82,7.01,6.82,6.96,6.82,0.14,2.0528,35808.91,24872.588
732,000736.SZ,20191225,6.8,6.83,6.74,6.82,6.76,0.06,0.8876,17001.0,11542.427
733,000736.SZ,20191224,6.77,6.78,6.69,6.76,6.72,0.04,0.5952,15575.94,10496.124
734,000736.SZ,20191223,6.92,6.97,6.71,6.72,6.97,-0.25,-3.5868,38195.06,25910.359
735,000736.SZ,20191220,6.94,7.04,6.92,6.97,6.92,0.05,0.7225,21933.42,15305.053
736,000736.SZ,20191219,6.93,6.93,6.88,6.92,6.91,0.01,0.1447,19412.82,13402.242
737,000736.SZ,20191218,6.94,6.97,6.87,6.91,6.94,-0.03,-0.4323,17859.0,12330.063
738,000736.SZ,20191217,6.92,7.05,6.83,6.94,6.83,0.11,1.6105,34188.04,23707.661
739,000736.SZ,20191216,6.8,6.84,6.75,6.83,6.8,0.03,0.4412,20248.01,13751.073
740,000736.SZ,20191213,6.83,6.85,6.73,6.8,6.7,0.1,1.4925,17499.21,11875.804
741,000736.SZ,20191212,6.76,6.81,6.69,6.7,6.78,-0.08,-1.1799,13707.31,9255.221
742,000736.SZ,20191211,6.63,6.84,6.63,6.78,6.65,0.13,1.9549,24178.11,16370.426
743,000736.SZ,20191210,6.67,6.67,6.6,6.65,6.68,-0.03,-0.4491,11084.3,7352.692
744,000736.SZ,20191209,6.59,6.7,6.58,6.68,6.58,0.1,1.5198,18023.44,11947.776
745,000736.SZ,20191206,6.6,6.62,6.54,6.58,6.57,0.01,0.1522,10259.48,6738.149
746,000736.SZ,20191205,6.56,6.64,6.54,6.57,6.53,0.04,0.6126,8703.68,5734.97
747,000736.SZ,20191204,6.52,6.58,6.51,6.53,6.58,-0.05,-0.7599,6886.84,4509.709
748,000736.SZ,20191203,6.53,6.58,6.46,6.58,6.5,0.08,1.2308,10369.48,6768.723
749,000736.SZ,20191202,6.47,6.53,6.43,6.5,6.44,0.06,0.9317,5605.0,3643.282
750,000736.SZ,20191129,6.43,6.47,6.42,6.44,6.45,-0.01,-0.155,6247.68,4021.054
751,000736.SZ,20191128,6.47,6.55,6.44,6.45,6.53,-0.08,-1.2251,6794.6,4409.053
752,000736.SZ,20191127,6.52,6.61,6.5,6.53,6.55,-0.02,-0.3053,7097.62,4635.072
753,000736.SZ,20191126,6.59,6.62,6.54,6.55,6.59,-0.04,-0.607,9113.0,5995.793
754,000736.SZ,20191125,6.48,6.64,6.43,6.59,6.42,0.17,2.648,21322.48,13991.53
755,000736.SZ,20191122,6.51,6.51,6.39,6.42,6.48,-0.06,-0.9259,11265.23,7274.466
756,000736.SZ,20191121,6.48,6.53,6.43,6.48,6.52,-0.04,-0.6135,6983.01,4526.971
757,000736.SZ,20191120,6.57,6.65,6.51,6.52,6.57,-0.05,-0.761,9863.08,6462.237
758,000736.SZ,20191119,6.47,6.58,6.47,6.57,6.5,0.07,1.0769,9467.92,6194.256
759,000736.SZ,20191118,6.44,6.52,6.4,6.5,6.44,0.06,0.9317,10305.37,6663.105
760,000736.SZ,20191115,6.44,6.52,6.4,6.44,6.48,-0.04,-0.6173,12231.18,7910.471
761,000736.SZ,20191114,6.5,6.61,6.42,6.48,6.46,0.02,0.3096,16486.14,10649.44
762,000736.SZ,20191113,6.57,6.57,6.41,6.46,6.56,-0.1,-1.5244,13620.61,8821.905
763,000736.SZ,20191112,6.54,6.57,6.46,6.56,6.51,0.05,0.768,13556.89,8858.429
764,000736.SZ,20191111,6.7,6.7,6.5,6.51,6.7,-0.19,-2.8358,23337.11,15273.525
765,000736.SZ,20191108,6.81,6.88,6.67,6.7,6.79,-0.09,-1.3255,15977.66,10796.934
766,000736.SZ,20191107,6.86,6.86,6.75,6.79,6.76,0.03,0.4438,12740.4,8666.43
767,000736.SZ,20191106,6.76,6.88,6.73,6.76,6.81,-0.05,-0.7342,13225.0,9021.996
768,000736.SZ,20191105,6.85,6.87,6.76,6.81,6.85,-0.04,-0.5839,16114.6,10991.854
769,000736.SZ,20191104,6.84,6.92,6.8,6.85,6.82,0.03,0.4399,18157.58,12461.552
770,000736.SZ,20191101,6.62,6.87,6.62,6.82,6.7,0.12,1.791,23169.4,15690.785
771,000736.SZ,20191031,7.25,7.28,6.62,6.7,6.89,-0.19,-2.7576,41701.6,28856.172
772,000736.SZ,20191030,6.92,6.97,6.81,6.89,6.97,-0.08,-1.1478,24130.3,16599.558
773,000736.SZ,20191029,7.02,7.04,6.92,6.97,7.02,-0.05,-0.7123,19117.71,13344.745
774,000736.SZ,20191028,6.93,7.07,6.9,7.02,6.94,0.08,1.1527,28428.64,19881.1
775,000736.SZ,20191025,6.86,6.99,6.78,6.94,6.78,0.16,2.3599,31749.6,21917.567
776,000736.SZ,20191024,6.72,6.82,6.66,6.78,6.67,0.11,1.6492,14315.2,9679.977
777,000736.SZ,20191023,6.71,6.77,6.66,6.67,6.75,-0.08,-1.1852,12707.4,8526.101
778,000736.SZ,20191022,6.58,6.78,6.57,6.75,6.61,0.14,2.118,17374.61,11595.939
779,000736.SZ,20191021,6.52,6.63,6.42,6.61,6.53,0.08,1.2251,16188.06,10617.437
780,000736.SZ,20191018,6.71,6.76,6.53,6.53,6.7,-0.17,-2.5373,18889.0,12527.959
781,000736.SZ,20191017,6.85,6.85,6.62,6.7,6.77,-0.07,-1.034,16361.6,11007.556
782,000736.SZ,20191016,6.8,7.0,6.75,6.77,6.85,-0.08,-1.1679,30043.4,20616.02
783,000736.SZ,20191015,6.8,6.88,6.68,6.85,6.79,0.06,0.8837,34874.8,23633.456
784,000736.SZ,20191014,6.78,6.9,6.76,6.79,6.73,0.06,0.8915,23448.84,15993.523
785,000736.SZ,20191011,6.66,6.79,6.65,6.73,6.66,0.07,1.0511,28533.8,19216.44
786,000736.SZ,20191010,6.71,6.71,6.61,6.66,6.68,-0.02,-0.2994,25921.98,17260.045
787,000736.SZ,20191009,6.51,6.74,6.43,6.68,6.51,0.17,2.6114,43240.64,28707.617
788,000736.SZ,20191008,6.44,6.68,6.37,6.51,6.39,0.12,1.8779,32729.53,21378.583
789,000736.SZ,20190930,6.44,6.44,6.36,6.39,6.44,-0.05,-0.7764,14848.2,9503.94
790,000736.SZ,20190927,6.39,6.45,6.32,6.44,6.38,0.06,0.9404,20056.6,12827.184
791,000736.SZ,20190926,6.45,6.47,6.37,6.38,6.45,-0.07,-1.0853,25922.4,16659.889
792,000736.SZ,20190925,6.59,6.59,6.41,6.45,6.59,-0.14,-2.1244,28339.13,18291.915
793,000736.SZ,20190924,6.56,6.75,6.51,6.59,6.5,0.09,1.3846,27367.6,18087.604
794,000736.SZ,20190923,6.61,6.61,6.44,6.5,6.64,-0.14,-2.1084,35983.9,23408.467
795,000736.SZ,20190920,6.73,6.75,6.6,6.64,6.65,-0.01,-0.1504,29017.0,19376.929
796,000736.SZ,20190919,6.65,6.67,6.57,6.65,6.62,0.03,0.4532,20947.2,13893.713
797,000736.SZ,20190918,6.62,6.68,6.56,6.62,6.63,-0.01,-0.1508,29988.64,19903.004
798,000736.SZ,20190917,6.85,6.87,6.55,6.63,6.85,-0.22,-3.2117,43811.81,29356.406
799,000736.SZ,20190916,6.97,7.01,6.81,6.85,6.97,-0.12,-1.7217,45509.21,31371.749
800,000736.SZ,20190912,6.73,7.0,6.71,6.97,6.76,0.21,3.1065,43743.6,30312.587
801,000736.SZ,20190911,6.76,6.81,6.73,6.76,6.76,0.0,0.0,20247.6,13700.516
802,000736.SZ,20190910,6.76,6.8,6.7,6.76,6.76,0.0,0.0,21640.6,14580.625
803,000736.SZ,20190909,6.66,6.76,6.66,6.76,6.61,0.15,2.2693,33706.0,22646.259
804,000736.SZ,20190906,6.65,6.68,6.58,6.61,6.65,-0.04,-0.6015,28003.0,18539.09
805,000736.SZ,20190905,6.64,6.74,6.57,6.65,6.59,0.06,0.9105,50806.37,33896.001
806,000736.SZ,20190904,6.35,6.62,6.31,6.59,6.32,0.27,4.2722,43710.37,28325.367
807,000736.SZ,20190903,6.34,6.37,6.28,6.32,6.33,-0.01,-0.158,23796.8,15046.458
808,000736.SZ,20190902,6.27,6.34,6.17,6.33,6.25,0.08,1.28,42402.91,26535.279
809,000736.SZ,20190830,6.47,6.56,6.24,6.25,6.47,-0.22,-3.4003,46268.1,29340.187
810,000736.SZ,20190829,6.54,6.55,6.43,6.47,6.5,-0.03,-0.4615,19617.4,12735.177
811,000736.SZ,20190828,6.49,6.53,6.46,6.5,6.48,0.02,0.3086,18618.17,12103.521
812,000736.SZ,20190827,6.43,6.53,6.42,6.48,6.44,0.04,0.6211,38818.22,25107.988
813,000736.SZ,20190826,6.51,6.53,6.41,6.44,6.63,-0.19,-2.8658,21410.78,13826.901
814,000736.SZ,20190823,6.75,6.79,6.6,6.63,6.76,-0.13,-1.9231,34710.6,23245.179
815,000736.SZ,20190822,6.81,6.87,6.66,6.76,6.81,-0.05,-0.7342,26405.0,17801.874
816,000736.SZ,20190821,6.94,6.94,6.77,6.81,6.94,-0.13,-1.8732,16656.0,11383.349
817,000736.SZ,20190820,6.87,7.0,6.84,6.94,6.86,0.08,1.1662,30134.8,20889.367
818,000736.SZ,20190819,6.73,6.89,6.7,6.86,6.68,0.18,2.6946,27551.35,18816.325
819,000736.SZ,20190816,6.82,6.82,6.68,6.68,6.78,-0.1,-1.4749,21359.6,14391.35
820,000736.SZ,20190815,6.74,6.83,6.65,6.78,6.83,-0.05,-0.7321,26544.33,17900.91
821,000736.SZ,20190814,6.99,7.0,6.81,6.83,6.91,-0.08,-1.1577,35912.51,24710.433
822,000736.SZ,20190813,6.62,6.94,6.55,6.91,6.66,0.25,3.7538,57484.53,39160.127
823,000736.SZ,20190812,6.54,6.67,6.33,6.66,6.48,0.18,2.7778,33118.2,21691.45
824,000736.SZ,20190809,6.37,6.53,6.29,6.48,6.38,0.1,1.5674,32685.07,20935.067
825,000736.SZ,20190808,6.35,6.46,6.31,6.38,6.36,0.02,0.3145,19216.07,12281.586
826,000736.SZ,20190807,6.26,6.45,6.26,6.36,6.24,0.12,1.9231,26129.7,16647.317
827,000736.SZ,20190806,6.3,6.3,6.01,6.24,6.38,-0.14,-2.1944,43190.58,26580.92
828,000736.SZ,20190805,6.51,6.53,6.37,6.38,6.51,-0.13,-1.9969,27397.1,17644.149
829,000736.SZ,20190802,6.57,6.63,6.4,6.51,6.65,-0.14,-2.1053,25824.98,16786.125
830,000736.SZ,20190801,6.81,6.83,6.62,6.65,6.84,-0.19,-2.7778,26392.8,17694.913
831,000736.SZ,20190731,6.88,6.9,6.82,6.84,6.89,-0.05,-0.7257,14150.0,9705.531
832,000736.SZ,20190730,6.88,6.97,6.88,6.89,6.88,0.01,0.1453,16516.85,11443.519
833,000736.SZ,20190729,6.95,6.98,6.85,6.88,6.95,-0.07,-1.0072,16186.2,11156.646
834,000736.SZ,20190726,6.86,6.97,6.84,6.95,6.88,0.07,1.0174,19406.14,13432.374
835,000736.SZ,20190725,6.94,6.95,6.84,6.88,6.9,-0.02,-0.2899,17133.01,11817.214
836,000736.SZ,20190724,6.87,6.96,6.8,6.9,6.84,0.06,0.8772,23696.96,16344.625
837,000736.SZ,20190723,6.91,6.97,6.82,6.84,6.92,-0.08,-1.1561,22826.8,15704.122
838,000736.SZ,20190722,7.13,7.16,6.91,6.92,7.14,-0.22,-3.0812,33423.4,23341.636
839,000736.SZ,20190719,7.0,7.18,7.0,7.14,6.98,0.16,2.2923,33654.2,23985.869
840,000736.SZ,20190718,7.16,7.16,6.97,6.98,7.16,-0.18,-2.514,30879.2,21779.819
841,000736.SZ,20190717,7.31,7.33,7.12,7.16,7.27,-0.11,-1.5131,33568.2,24271.414
842,000736.SZ,20190716,7.15,7.34,7.06,7.27,7.15,0.12,1.6783,47941.55,34757.654
843,000736.SZ,20190715,7.44,7.44,6.87,7.15,7.6,-0.45,-5.9211,78470.03,56210.782
844,000736.SZ,20190712,7.55,7.63,7.47,7.6,7.53,0.07,0.9296,16769.76,12712.81
845,000736.SZ,20190711,7.52,7.65,7.5,7.53,7.51,0.02,0.2663,16233.42,12282.317
846,000736.SZ,20190710,7.61,7.64,7.48,7.51,7.59,-0.08,-1.054,20750.85,15689.873
847,000736.SZ,20190709,7.51,7.62,7.43,7.59,7.5,0.09,1.2,25482.4,19173.377
848,000736.SZ,20190708,7.75,7.82,7.45,7.5,7.86,-0.36,-4.5802,49770.85,37709.649
849,000736.SZ,20190705,7.95,7.97,7.77,7.86,8.04,-0.18,-2.2388,54336.01,42669.5
850,000736.SZ,20190704,7.83,8.28,7.77,8.04,7.83,0.21,2.682,113140.44,91373.088
851,000736.SZ,20190703,7.89,7.94,7.78,7.83,7.91,-0.08,-1.0114,49478.19,38829.868
852,000736.SZ,20190702,7.78,7.95,7.71,7.91,7.77,0.14,1.8018,56120.51,43874.226
853,000736.SZ,20190701,7.78,7.83,7.73,7.77,7.66,0.11,1.436,69422.13,53988.246
854,000736.SZ,20190628,7.78,7.78,7.62,7.66,7.73,-0.07,-0.9056,18149.6,13927.549
855,000736.SZ,20190627,7.72,7.78,7.62,7.73,7.7,0.03,0.3896,26566.58,20553.277
856,000736.SZ,20190626,9.53,9.56,9.41,9.43,9.58,-0.15,-1.5658,35564.91,33647.333
857,000736.SZ,20190625,9.56,9.67,9.49,9.58,9.55,0.03,0.3141,37541.7,35866.651
858,000736.SZ,20190624,9.6,9.64,9.48,9.55,9.6,-0.05,-0.5208,31158.51,29741.709
859,000736.SZ,20190621,9.68,9.68,9.56,9.6,9.6,0.0,0.0,44301.09,42560.864
860,000736.SZ,20190620,9.45,9.6,9.34,9.6,9.35,0.25,2.6738,51731.2,49207.042
861,000736.SZ,20190619,9.35,9.47,9.23,9.35,9.19,0.16,1.741,46301.85,43306.453
862,000736.SZ,20190618,9.25,9.3,9.11,9.19,9.25,-0.06,-0.6486,29571.68,27183.058
863,000736.SZ,20190617,9.46,9.46,9.1,9.25,9.51,-0.26,-2.734,60076.95,55356.866
864,000736.SZ,20190614,9.72,9.89,9.49,9.51,9.72,-0.21,-2.1605,64967.7,62892.19
865,000736.SZ,20190613,10.05,10.06,9.68,9.72,10.16,-0.44,-4.3307,117931.47,115375.278
866,000736.SZ,20190612,10.54,10.54,10.13,10.16,10.57,-0.41,-3.8789,126892.11,130128.358
867,000736.SZ,20190611,10.46,11.23,10.44,10.57,10.57,0.0,0.0,214107.43,230339.221
868,000736.SZ,20190610,10.45,10.59,10.08,10.57,10.5,0.07,0.6667,65965.34,68518.34
869,000736.SZ,20190606,10.8,11.2,10.48,10.5,10.65,-0.15,-1.4085,154496.62,167084.244
870,000736.SZ,20190605,9.73,10.65,9.69,10.65,9.68,0.97,10.0207,44491.13,46399.272
871,000736.SZ,20190604,9.88,9.94,9.55,9.68,9.88,-0.2,-2.0243,21162.49,20469.485
872,000736.SZ,20190603,9.9,10.18,9.8,9.88,9.8,0.08,0.8163,36244.41,36291.147
873,000736.SZ,20190531,9.73,9.9,9.59,9.8,9.66,0.14,1.4493,22199.0,21728.05
874,000736.SZ,20190530,9.94,9.94,9.52,9.66,9.82,-0.16,-1.6293,32722.0,31536.376
875,000736.SZ,20190529,9.89,10.1,9.75,9.82,9.89,-0.07,-0.7078,23806.9,23665.954
876,000736.SZ,20190528,9.83,10.1,9.79,9.89,9.78,0.11,1.1247,21987.89,21809.747
877,000736.SZ,20190527,9.66,9.9,9.56,9.78,9.71,0.07,0.7209,21011.5,20495.82
878,000736.SZ,20190524,9.48,9.82,9.45,9.71,9.48,0.23,2.4262,26617.17,25622.502
879,000736.SZ,20190523,9.81,9.81,9.48,9.48,9.81,-0.33,-3.3639,34163.5,32690.838
880,000736.SZ,20190522,10.2,10.22,9.67,9.81,10.19,-0.38,-3.7291,48128.52,47431.331
881,000736.SZ,20190521,10.23,10.34,10.1,10.19,10.25,-0.06,-0.5854,26768.89,27349.4
882,000736.SZ,20190520,10.18,10.26,9.86,10.25,10.2,0.05,0.4902,33848.56,34074.389
883,000736.SZ,20190517,10.33,10.45,10.16,10.2,10.39,-0.19,-1.8287,25168.21,25977.015
884,000736.SZ,20190516,10.63,10.67,10.36,10.39,10.61,-0.22,-2.0735,35966.0,37570.23
885,000736.SZ,20190515,10.5,10.68,10.5,10.61,10.48,0.13,1.2405,20233.39,21476.181
886,000736.SZ,20190514,10.57,10.65,10.34,10.48,10.56,-0.08,-0.7576,17101.81,17933.571
887,000736.SZ,20190513,10.23,10.66,10.23,10.56,10.5,0.06,0.5714,26837.57,28092.856
888,000736.SZ,20190510,10.23,10.54,10.03,10.5,10.18,0.32,3.1434,30266.28,31374.493
889,000736.SZ,20190509,10.2,10.3,10.0,10.18,10.29,-0.11,-1.069,28804.16,29392.798
890,000736.SZ,20190508,10.0,10.35,9.92,10.29,10.24,0.05,0.4883,27530.01,28111.094
891,000736.SZ,20190507,10.29,10.29,10.01,10.24,10.1,0.14,1.3861,31250.49,31709.061
892,000736.SZ,20190506,10.9,10.9,10.1,10.1,11.22,-1.12,-9.9822,52732.09,54838.927
893,000736.SZ,20190430,11.0,11.35,10.83,11.22,10.96,0.26,2.3723,45151.35,50343.612
894,000736.SZ,20190429,10.78,11.2,10.63,10.96,10.79,0.17,1.5755,45991.27,50258.899
895,000736.SZ,20190426,10.72,10.9,10.46,10.79,10.78,0.01,0.0928,51743.22,55425.803
896,000736.SZ,20190425,11.18,11.26,10.73,10.78,11.19,-0.41,-3.664,61405.0,67602.882
897,000736.SZ,20190424,11.42,11.42,11.06,11.19,11.42,-0.23,-2.014,51430.11,57448.039
898,000736.SZ,20190423,11.21,11.55,10.94,11.42,11.18,0.24,2.1467,142835.82,160269.808
899,000736.SZ,20190422,11.3,11.36,11.0,11.18,11.31,-0.13,-1.1494,91954.65,102512.723
900,000736.SZ,20190419,11.48,11.62,11.1,11.31,11.51,-0.2,-1.7376,100690.57,114163.339
901,000736.SZ,20190418,11.88,11.89,11.35,11.51,11.88,-0.37,-3.1145,100878.71,116375.735
902,000736.SZ,20190417,12.0,12.19,11.65,11.88,12.07,-0.19,-1.5742,115539.27,136806.265
903,000736.SZ,20190416,12.4,12.48,11.55,12.07,12.58,-0.51,-4.0541,154847.82,184094.29
904,000736.SZ,20190415,12.7,12.88,12.15,12.58,12.38,0.2,1.6155,136522.03,170814.0
905,000736.SZ,20190412,12.8,13.5,12.22,12.38,13.18,-0.8,-6.0698,300076.66,386096.266
906,000736.SZ,20190411,13.64,13.64,12.51,13.18,12.4,0.78,6.2903,360340.44,476792.245
907,000736.SZ,20190410,11.31,12.4,11.15,12.4,11.27,1.13,10.0266,143177.58,173702.406
908,000736.SZ,20190409,10.7,11.7,10.45,11.27,10.69,0.58,5.4256,111304.39,122464.199
909,000736.SZ,20190408,10.3,10.88,10.06,10.69,10.17,0.52,5.1131,92236.64,95762.931
910,000736.SZ,20190404,10.12,10.39,10.07,10.17,10.11,0.06,0.5935,74270.46,75801.33
911,000736.SZ,20190403,10.04,10.22,9.9,10.11,9.91,0.2,2.0182,68783.73,69406.253
912,000736.SZ,20190402,9.6,10.2,9.44,9.91,9.56,0.35,3.6611,95963.35,95158.875
913,000736.SZ,20190401,9.36,9.65,9.2,9.56,9.25,0.31,3.3514,87301.07,83169.355
914,000736.SZ,20190329,8.97,9.3,8.95,9.25,8.92,0.33,3.6996,53699.09,49255.125
915,000736.SZ,20190328,9.0,9.09,8.92,8.92,9.06,-0.14,-1.5453,22750.12,20476.396
916,000736.SZ,20190327,8.92,9.07,8.82,9.06,8.85,0.21,2.3729,35607.16,31812.24
917,000736.SZ,20190326,9.19,9.27,8.85,8.85,9.19,-0.34,-3.6997,39182.94,35570.018
918,000736.SZ,20190325,9.02,9.27,8.96,9.19,9.2,-0.01,-0.1087,51200.15,46767.349
919,000736.SZ,20190322,9.35,9.35,9.1,9.2,9.4,-0.2,-2.1277,59216.01,54464.931
920,000736.SZ,20190321,9.36,9.5,9.31,9.4,9.46,-0.06,-0.6342,84560.75,79336.404
921,000736.SZ,20190320,9.17,9.48,9.06,9.46,9.18,0.28,3.0501,103951.22,96520.253
922,000736.SZ,20190319,9.21,9.45,9.05,9.18,9.16,0.02,0.2183,71642.14,66095.777
923,000736.SZ,20190318,8.96,9.19,8.81,9.16,8.9,0.26,2.9213,74542.59,67529.268
924,000736.SZ,20190315,8.68,8.98,8.68,8.9,8.8,0.1,1.1364,56656.96,50119.561
925,000736.SZ,20190314,8.8,9.07,8.6,8.8,8.91,-0.11,-1.2346,59115.61,52347.56
926,000736.SZ,20190313,8.94,9.17,8.82,8.91,8.88,0.03,0.3378,101672.81,91522.029
927,000736.SZ,20190312,8.9,9.08,8.8,8.88,8.89,-0.01,-0.1125,86317.38,77256.162
928,000736.SZ,20190311,8.67,8.9,8.62,8.89,8.75,0.14,1.6,75558.96,66415.987
929,000736.SZ,20190308,9.04,9.17,8.75,8.75,9.22,-0.47,-5.0976,68502.57,61374.205
930,000736.SZ,20190307,9.25,9.27,9.05,9.22,9.27,-0.05,-0.5394,81332.18,74372.318
931,000736.SZ,20190306,9.35,9.42,9.14,9.27,9.37,-0.1,-1.0672,87178.78,80457.325
932,000736.SZ,20190305,9.31,9.53,9.2,9.37,9.33,0.04,0.4287,84160.15,78598.405
933,000736.SZ,20190304,9.16,9.54,9.0,9.33,9.11,0.22,2.4149,103563.25,96794.355
934,000736.SZ,20190301,9.1,9.15,8.82,9.11,9.1,0.01,0.1099,53337.33,47912.265
935,000736.SZ,20190228,9.0,9.42,8.99,9.1,9.08,0.02,0.2203,67749.41,62501.306
936,000736.SZ,20190227,8.93,9.26,8.82,9.08,8.9,0.18,2.0225,81001.14,73541.789
937,000736.SZ,20190226,8.76,9.26,8.64,8.9,8.81,0.09,1.0216,104417.58,93699.488
938,000736.SZ,20190225,8.4,9.05,8.4,8.81,8.43,0.38,4.5077,95138.83,82579.683
939,000736.SZ,20190222,8.36,8.47,8.24,8.43,8.36,0.07,0.8373,49506.08,41379.719
940,000736.SZ,20190221,8.54,8.7,8.35,8.36,8.56,-0.2,-2.3364,52489.09,44636.079
941,000736.SZ,20190220,8.19,8.99,8.19,8.56,8.21,0.35,4.2631,107961.93,92474.163
942,000736.SZ,20190219,8.12,8.27,8.04,8.21,8.12,0.09,1.1084,66702.27,54532.324
943,000736.SZ,20190218,7.92,8.23,7.87,8.12,7.9,0.22,2.7848,61417.94,49319.304
944,000736.SZ,20190215,8.04,8.07,7.87,7.9,8.04,-0.14,-1.7413,37922.0,30077.176
945,000736.SZ,20190214,8.09,8.18,8.01,8.04,8.11,-0.07,-0.8631,38738.22,31266.672
946,000736.SZ,20190213,8.0,8.14,7.93,8.11,8.0,0.11,1.375,58501.03,47083.194
947,000736.SZ,20190212,7.93,8.06,7.85,8.0,7.99,0.01,0.1252,50523.07,40219.6
948,000736.SZ,20190211,7.82,8.03,7.71,7.99,7.8,0.19,2.4359,72182.03,56950.968
949,000736.SZ,20190201,7.83,7.88,7.65,7.8,7.85,-0.05,-0.6369,64056.45,49933.059
950,000736.SZ,20190131,8.0,8.19,7.53,7.85,8.33,-0.48,-5.7623,114442.36,90607.412
951,000736.SZ,20190130,7.54,8.33,7.49,8.33,7.57,0.76,10.0396,165676.19,135810.245
952,000736.SZ,20190129,7.41,7.58,7.3,7.57,7.4,0.17,2.2973,32575.55,24301.518
953,000736.SZ,20190128,7.38,7.45,7.37,7.4,7.38,0.02,0.271,10795.04,7988.234
954,000736.SZ,20190125,7.38,7.45,7.36,7.38,7.36,0.02,0.2717,13139.56,9733.55
955,000736.SZ,20190124,7.35,7.4,7.33,7.36,7.37,-0.01,-0.1357,7649.32,5638.825
956,000736.SZ,20190123,7.38,7.44,7.35,7.37,7.45,-0.08,-1.0738,13329.62,9833.472
957,000736.SZ,20190122,7.41,7.55,7.36,7.45,7.39,0.06,0.8119,21063.33,15716.123
958,000736.SZ,20190121,7.43,7.46,7.35,7.39,7.42,-0.03,-0.4043,19818.5,14667.419
959,000736.SZ,20190118,7.31,7.42,7.27,7.42,7.35,0.07,0.9524,13756.61,10122.995
960,000736.SZ,20190117,7.43,7.45,7.33,7.35,7.45,-0.1,-1.3423,13573.48,10022.904
961,000736.SZ,20190116,7.42,7.47,7.36,7.45,7.42,0.03,0.4043,12826.43,9526.134
962,000736.SZ,20190115,7.38,7.43,7.33,7.42,7.39,0.03,0.406,13107.5,9674.748
963,000736.SZ,20190114,7.44,7.44,7.36,7.39,7.42,-0.03,-0.4043,9930.78,7341.111
964,000736.SZ,20190111,7.41,7.44,7.3,7.42,7.39,0.03,0.406,12240.11,9029.794
965,000736.SZ,20190110,7.47,7.56,7.36,7.39,7.5,-0.11,-1.4667,15162.76,11283.797
966,000736.SZ,20190109,7.55,7.6,7.5,7.5,7.5,0.0,0.0,19968.18,15079.781
967,000736.SZ,20190108,7.56,7.59,7.48,7.5,7.64,-0.14,-1.8325,23051.12,17358.904
968,000736.SZ,20190107,7.7,7.94,7.63,7.64,7.44,0.2,2.6882,44307.39,34313.251
969,000736.SZ,20190104,7.23,7.45,7.15,7.44,7.3,0.14,1.9178,23708.71,17401.527
970,000736.SZ,20190103,7.45,7.48,7.22,7.3,7.43,-0.13,-1.7497,16947.5,12453.238
971,000736.SZ,20190102,7.42,7.51,7.34,7.43,7.43,0.0,0.0,13763.11,10247.173
972,000736.SZ,20181228,7.34,7.56,7.26,7.43,7.31,0.12,1.6416,17388.33,12908.024
973,000736.SZ,20181227,7.67,7.67,7.31,7.31,7.54,-0.23,-3.0504,12498.7,9360.851
974,000736.SZ,20181226,7.59,7.61,7.46,7.54,7.59,-0.05,-0.6588,9214.5,6962.21
975,000736.SZ,20181225,7.7,7.74,7.3,7.59,7.81,-0.22,-2.8169,18607.0,13990.68
976,000736.SZ,20181224,7.77,7.84,7.7,7.81,7.77,0.04,0.5148,8393.33,6543.226
977,000736.SZ,20181221,7.9,7.9,7.66,7.77,7.9,-0.13,-1.6456,17549.98,13620.176
978,000736.SZ,20181220,7.95,7.99,7.82,7.9,7.91,-0.01,-0.1264,16192.0,12790.295
979,000736.SZ,20181219,7.91,8.12,7.85,7.91,7.86,0.05,0.6361,19886.48,15908.788
980,000736.SZ,20181218,7.98,8.0,7.8,7.86,8.0,-0.14,-1.75,18197.5,14373.146
981,000736.SZ,20181217,8.04,8.11,7.9,8.0,8.05,-0.05,-0.6211,14980.0,11982.062
982,000736.SZ,20181214,8.28,8.3,8.0,8.05,8.28,-0.23,-2.7778,24057.98,19542.702
983,000736.SZ,20181213,8.21,8.31,8.18,8.28,8.19,0.09,1.0989,40176.96,33211.689
984,000736.SZ,20181212,8.08,8.28,8.08,8.19,8.06,0.13,1.6129,29014.73,23762.098
985,000736.SZ,20181211,8.01,8.08,8.01,8.06,8.01,0.05,0.6242,13054.0,10503.262
986,000736.SZ,20181210,8.16,8.18,8.01,8.01,8.16,-0.15,-1.8382,20073.5,16184.553
987,000736.SZ,20181207,8.13,8.22,8.13,8.16,8.11,0.05,0.6165,17585.0,14361.947
988,000736.SZ,20181206,8.23,8.23,8.1,8.11,8.24,-0.13,-1.5777,27659.86,22520.013
989,000736.SZ,20181205,8.16,8.29,8.08,8.24,8.27,-0.03,-0.3628,32423.52,26562.379
990,000736.SZ,20181204,8.25,8.29,8.18,8.27,8.41,-0.14,-1.6647,48235.96,39747.152
991,000736.SZ,20181203,8.34,8.48,8.15,8.41,8.27,0.14,1.6929,134593.7,111052.777
992,000736.SZ,20181130,8.6,8.69,8.09,8.27,8.56,-0.29,-3.3879,33726.44,28121.53
993,000736.SZ,20181129,9.0,9.02,8.54,8.56,8.95,-0.39,-4.3575,12261.0,10777.192
994,000736.SZ,20181128,8.92,8.98,8.76,8.95,8.92,0.03,0.3363,7614.0,6785.742
995,000736.SZ,20181127,9.1,9.17,8.9,8.92,9.16,-0.24,-2.6201,12741.5,11430.287
996,000736.SZ,20181126,9.31,9.31,9.08,9.16,9.36,-0.2,-2.1368,15015.15,13743.328
997,000736.SZ,20181123,9.35,9.38,8.9,9.36,9.35,0.01,0.107,26929.64,24684.595
998,000736.SZ,20181122,9.49,9.49,9.35,9.35,9.46,-0.11,-1.1628,16598.03,15634.083
999,000736.SZ,20181121,9.24,9.56,9.24,9.46,9.38,0.08,0.8529,24032.09,22669.875
1000,000736.SZ,20181120,9.29,9.68,9.26,9.38,9.38,0.0,0.0,40216.05,38050.822
1001,000736.SZ,20181119,9.0,9.55,8.96,9.38,9.01,0.37,4.1065,54489.36,50778.661
1002,000736.SZ,20181116,8.91,9.08,8.89,9.01,8.93,0.08,0.8959,20645.47,18609.74
1003,000736.SZ,20181115,8.87,8.95,8.84,8.93,8.86,0.07,0.7901,16209.86,14421.231
1004,000736.SZ,20181114,8.84,9.03,8.8,8.86,8.8,0.06,0.6818,30203.84,26978.76
1005,000736.SZ,20181113,8.75,8.9,8.65,8.8,8.77,0.03,0.3421,19267.21,16982.969
1006,000736.SZ,20181112,8.56,8.82,8.56,8.77,8.7,0.07,0.8046,16705.82,14628.718
1007,000736.SZ,20181109,8.85,8.95,8.64,8.7,8.85,-0.15,-1.6949,17091.35,14962.45
1008,000736.SZ,20181108,8.86,8.95,8.82,8.85,8.81,0.04,0.454,11136.24,9887.752
1009,000736.SZ,20181107,8.87,8.95,8.75,8.81,8.91,-0.1,-1.1223,10748.58,9517.142
1010,000736.SZ,20181106,9.01,9.01,8.86,8.91,9.01,-0.1,-1.1099,10103.5,8996.105
1011,000736.SZ,20181105,9.1,9.16,8.88,9.01,9.16,-0.15,-1.6376,20164.37,18159.857
1012,000736.SZ,20181102,9.16,9.24,9.03,9.16,9.12,0.04,0.4386,19004.74,17294.848
1013,000736.SZ,20181101,9.23,9.4,9.05,9.12,9.25,-0.13,-1.4054,17615.99,16224.006
1014,000736.SZ,20181031,9.25,9.47,9.15,9.25,9.25,0.0,0.0,9182.79,8526.332
1015,000736.SZ,20181030,8.83,9.37,8.83,9.25,9.11,0.14,1.5368,17421.0,15996.873
1016,000736.SZ,20181029,9.2,9.38,9.0,9.11,9.34,-0.23,-2.4625,18794.5,17209.826
1017,000736.SZ,20181026,9.1,9.85,9.03,9.34,8.95,0.39,4.3575,44611.18,42679.753
1018,000736.SZ,20181025,8.45,9.08,8.45,8.95,8.94,0.01,0.1119,8526.1,7614.296
1019,000736.SZ,20181024,8.88,9.05,8.77,8.94,8.96,-0.02,-0.2232,6782.01,6052.082
1020,000736.SZ,20181023,9.1,9.1,8.77,8.96,9.05,-0.09,-0.9945,8845.56,7859.424
1021,000736.SZ,20181022,8.63,9.12,8.63,9.05,8.63,0.42,4.8667,33690.03,30162.407
1022,000736.SZ,20181019,8.46,8.7,8.41,8.63,8.64,-0.01,-0.1157,6847.33,5855.068
1023,000736.SZ,20181018,8.94,8.94,8.63,8.64,8.86,-0.22,-2.4831,6008.07,5241.644
1024,000736.SZ,20181017,8.8,9.2,8.8,8.86,8.94,-0.08,-0.8949,9950.82,8853.816
1025,000736.SZ,20181016,8.78,9.08,8.63,8.94,8.94,0.0,0.0,14757.19,13057.801
1026,000736.SZ,20181015,8.76,8.99,8.4,8.94,8.81,0.13,1.4756,20302.23,17552.427
1027,000736.SZ,20181012,9.25,9.25,8.19,8.81,9.09,-0.28,-3.0803,28297.73,24589.538
1028,000736.SZ,20181011,8.5,9.57,8.25,9.09,8.7,0.39,4.4828,49179.96,43984.445
1029,000736.SZ,20181010,8.67,8.8,8.64,8.7,8.68,0.02,0.2304,9740.66,8522.333
1030,000736.SZ,20181009,8.75,8.9,8.59,8.68,8.75,-0.07,-0.8,16602.02,14423.012
1031,000736.SZ,20181008,9.13,9.13,8.61,8.75,9.21,-0.46,-4.9946,17468.44,15438.613
1032,000736.SZ,20180928,9.24,9.4,9.2,9.21,9.19,0.02,0.2176,8750.17,8147.646
1033,000736.SZ,20180927,9.41,9.44,9.18,9.19,9.34,-0.15,-1.606,7751.92,7190.739
1034,000736.SZ,20180926,9.21,9.47,9.16,9.34,9.24,0.1,1.0823,14491.46,13493.339
1035,000736.SZ,20180925,9.26,9.38,9.13,9.24,9.56,-0.32,-3.3473,21148.81,19582.6
1036,000736.SZ,20180921,9.32,9.84,9.21,9.56,9.27,0.29,3.1284,29533.57,27953.08
1037,000736.SZ,20180920,9.23,9.46,9.15,9.27,9.23,0.04,0.4334,18260.08,16870.248
1038,000736.SZ,20180919,8.99,9.75,8.97,9.23,8.97,0.26,2.8986,25038.31,23381.061
1039,000736.SZ,20180918,8.91,9.01,8.85,8.97,8.93,0.04,0.4479,9635.02,8617.853
1040,000736.SZ,20180917,8.8,9.03,8.75,8.93,8.81,0.12,1.3621,14499.28,12955.955
1041,000736.SZ,20180914,9.1,9.1,8.8,8.81,9.02,-0.21,-2.3282,9683.56,8636.851
1042,000736.SZ,20180913,9.1,9.25,8.98,9.02,9.04,-0.02,-0.2212,7183.95,6496.96
1043,000736.SZ,20180912,8.98,9.12,8.91,9.04,8.98,0.06,0.6682,11701.59,10565.49
1044,000736.SZ,20180911,9.04,9.21,8.85,8.98,9.13,-0.15,-1.6429,13244.0,11934.64
1045,000736.SZ,20180910,9.34,9.45,9.03,9.13,9.32,-0.19,-2.0386,14709.0,13690.187
1046,000736.SZ,20180907,9.39,9.52,9.3,9.32,9.37,-0.05,-0.5336,10382.97,9797.068
1047,000736.SZ,20180906,9.51,9.57,9.23,9.37,9.4,-0.03,-0.3191,9961.0,9327.081
1048,000736.SZ,20180905,9.67,9.85,9.36,9.4,9.55,-0.15,-1.5707,14310.92,13754.68
1049,000736.SZ,20180904,9.46,9.74,9.46,9.55,9.47,0.08,0.8448,16455.98,15846.917
1050,000736.SZ,20180903,9.57,9.57,9.17,9.47,9.58,-0.11,-1.1482,26051.31,24427.834
1051,000736.SZ,20180831,9.88,9.89,9.5,9.58,9.98,-0.4,-4.008,24944.0,24035.506
1052,000736.SZ,20180830,9.8,10.27,9.8,9.98,9.8,0.18,1.8367,29809.42,29969.377
1053,000736.SZ,20180829,9.8,9.92,9.78,9.8,9.85,-0.05,-0.5076,8038.5,7901.706
1054,000736.SZ,20180828,9.96,9.97,9.82,9.85,9.88,-0.03,-0.3036,9971.62,9871.059
1055,000736.SZ,20180827,9.96,10.01,9.86,9.88,9.87,0.01,0.1013,12255.76,12165.374
1056,000736.SZ,20180824,10.0,10.0,9.78,9.87,10.0,-0.13,-1.3,6998.46,6906.052
1057,000736.SZ,20180823,9.95,10.06,9.85,10.0,9.96,0.04,0.4016,3989.5,3983.143
1058,000736.SZ,20180822,10.14,10.14,9.94,9.96,10.15,-0.19,-1.8719,9085.31,9100.779
1059,000736.SZ,20180821,10.22,10.22,10.06,10.15,10.16,-0.01,-0.0984,6973.5,7077.482
1060,000736.SZ,20180820,10.11,10.27,9.99,10.16,10.15,0.01,0.0985,10525.24,10639.703
1061,000736.SZ,20180817,10.31,10.43,10.05,10.15,10.3,-0.15,-1.4563,8625.51,8794.632
1062,000736.SZ,20180816,10.27,10.45,10.27,10.3,10.42,-0.12,-1.1516,7301.5,7564.462
1063,000736.SZ,20180815,10.57,10.64,10.38,10.42,10.55,-0.13,-1.2322,6741.5,7050.535
1064,000736.SZ,20180814,10.67,10.72,10.53,10.55,10.67,-0.12,-1.1246,5020.0,5318.421
1065,000736.SZ,20180813,10.31,10.77,10.31,10.67,10.88,-0.21,-1.9301,9598.5,10193.764
1066,000736.SZ,20180810,10.58,11.15,10.58,10.88,10.75,0.13,1.2093,15590.98,17076.039
1067,000736.SZ,20180809,10.5,11.0,10.09,10.75,10.83,-0.08,-0.7387,13564.52,14455.111
1068,000736.SZ,20180808,11.8,11.8,10.82,10.83,10.77,0.06,0.5571,18510.4,20622.566
1069,000736.SZ,20180807,10.86,10.86,10.53,10.77,10.76,0.01,0.0929,7029.9,7519.181
1070,000736.SZ,20180806,10.98,10.98,10.49,10.76,10.8,-0.04,-0.3704,5263.5,5689.22
1071,000736.SZ,20180803,10.8,10.89,10.58,10.8,10.78,0.02,0.1855,7039.0,7570.251
1072,000736.SZ,20180802,11.02,11.11,10.6,10.78,11.19,-0.41,-3.664,12504.03,13537.385
1073,000736.SZ,20180801,11.16,11.25,10.96,11.19,11.2,-0.01,-0.0893,11164.23,12360.453
1074,000736.SZ,20180731,11.12,11.25,11.05,11.2,11.13,0.07,0.6289,5275.5,5887.533
1075,000736.SZ,20180730,11.13,11.36,10.93,11.13,11.22,-0.09,-0.8021,15920.19,17796.665
1076,000736.SZ,20180727,11.16,11.35,11.16,11.22,11.2,0.02,0.1786,7761.44,8729.275
1077,000736.SZ,20180726,11.27,11.6,11.0,11.2,11.27,-0.07,-0.6211,17032.56,19388.992
1078,000736.SZ,20180725,11.16,11.28,11.03,11.27,11.25,0.02,0.1778,11384.08,12696.464
1079,000736.SZ,20180724,11.23,11.38,10.92,11.25,11.06,0.19,1.7179,13539.67,15261.599
1080,000736.SZ,20180723,11.08,11.2,10.87,11.06,10.86,0.2,1.8416,20812.67,22977.792
1081,000736.SZ,20180720,10.72,11.03,10.61,10.86,10.71,0.15,1.4006,9729.51,10538.023
1082,000736.SZ,20180719,10.91,11.15,10.71,10.71,10.9,-0.19,-1.74,9271.5,10150.487
1083,000736.SZ,20180718,10.99,11.15,10.85,10.9,10.84,0.06,0.55,15881.49,17530.877
1084,000736.SZ,20180717,11.03,11.03,10.76,10.84,11.03,-0.19,-1.72,7718.53,8389.263
1085,000736.SZ,20180716,11.0,11.48,10.86,11.03,11.25,-0.22,-1.96,16975.4,18759.543
1086,000736.SZ,20180713,11.18,11.71,11.12,11.25,11.06,0.19,1.72,19710.51,22328.106
1087,000736.SZ,20180712,11.08,11.2,10.85,11.06,11.02,0.04,0.36,18498.99,20420.413
1088,000736.SZ,20180711,10.88,11.39,10.85,11.02,11.1,-0.08,-0.72,46637.4,52042.939
1089,000736.SZ,20180710,10.11,11.1,10.09,11.1,10.09,1.01,10.01,44302.89,48057.896
1090,000736.SZ,20180709,9.95,10.17,9.9,10.09,9.96,0.13,1.31,9514.5,9568.049
1091,000736.SZ,20180706,10.6,10.6,9.96,9.96,10.5,-0.54,-5.14,13785.68,13950.905
1092,000736.SZ,20180705,10.59,10.82,10.1,10.5,10.72,-0.22,-2.05,7453.53,7766.932
1093,000736.SZ,20180704,10.69,10.83,10.55,10.72,10.76,-0.04,-0.37,5925.0,6351.232
1094,000736.SZ,20180703,10.8,10.99,10.06,10.76,10.81,-0.05,-0.46,11667.03,12346.579
1095,000736.SZ,20180702,11.2,11.2,10.8,10.81,11.05,-0.24,-2.17,7840.0,8568.755
1096,000736.SZ,20180629,10.92,11.12,10.75,11.05,10.92,0.13,1.19,9416.0,10317.86
1097,000736.SZ,20180628,10.8,11.05,10.8,10.92,10.95,-0.03,-0.27,5234.01,5735.232
1098,000736.SZ,20180627,11.27,11.44,10.85,10.95,11.26,-0.31,-2.75,12709.5,14036.198
1099,000736.SZ,20180626,11.14,11.43,11.02,11.26,11.37,-0.11,-0.97,8764.5,9820.242
1100,000736.SZ,20180625,11.8,12.4,11.35,11.37,11.35,0.02,0.18,14213.52,16545.014
1101,000736.SZ,20180622,11.0,11.5,11.0,11.35,11.45,-0.1,-0.87,19356.78,21902.915
1102,000736.SZ,20180621,17.65,17.88,17.61,17.7,17.67,0.03,0.17,13056.0,23202.04
1103,000736.SZ,20180620,17.07,17.79,17.07,17.67,17.08,0.59,3.45,17231.0,30017.455
1104,000736.SZ,20180619,17.6,17.6,16.52,17.08,17.79,-0.71,-3.99,22685.2,38390.611
1105,000736.SZ,20180615,18.3,18.52,17.6,17.79,18.38,-0.59,-3.21,16305.0,29185.469
1106,000736.SZ,20180614,18.61,19.35,18.0,18.38,18.47,-0.09,-0.49,18265.0,34022.997
1107,000736.SZ,20180613,18.46,18.55,18.2,18.47,18.46,0.01,0.05,7062.02,13017.592
1108,000736.SZ,20180612,18.17,18.55,18.14,18.46,18.35,0.11,0.6,7085.01,13039.318
1109,000736.SZ,20180611,18.41,18.53,18.04,18.35,18.42,-0.07,-0.38,6391.06,11733.439
1110,000736.SZ,20180608,18.62,18.75,18.0,18.42,18.62,-0.2,-1.07,11172.0,20448.122
1111,000736.SZ,20180607,18.28,18.88,18.28,18.62,18.36,0.26,1.42,13558.0,25324.452
1112,000736.SZ,20180606,18.05,18.58,17.85,18.36,18.05,0.31,1.72,9473.0,17313.063
1113,000736.SZ,20180605,17.88,18.05,17.7,18.05,17.93,0.12,0.67,9541.8,17051.763
1114,000736.SZ,20180604,17.85,18.0,17.75,17.93,17.75,0.18,1.01,4891.0,8760.845
1115,000736.SZ,20180601,17.8,17.8,17.41,17.75,17.59,0.16,0.91,4023.78,7098.263
1116,000736.SZ,20180531,17.2,17.69,17.2,17.59,17.3,0.29,1.68,6303.45,11052.365
1117,000736.SZ,20180530,17.92,17.92,16.59,17.3,18.03,-0.73,-4.05,13753.0,23973.61
1118,000736.SZ,20180529,17.98,18.15,17.82,18.03,18.08,-0.05,-0.28,7727.01,13913.273
1119,000736.SZ,20180528,18.32,18.39,17.92,18.08,18.32,-0.24,-1.31,9327.95,16950.747
1120,000736.SZ,20180525,18.39,18.85,18.23,18.32,18.68,-0.36,-1.93,11610.96,21453.684
1121,000736.SZ,20180524,17.8,19.4,17.8,18.68,17.87,0.81,4.53,19839.59,36770.824
1122,000736.SZ,20180523,18.05,18.05,17.71,17.87,18.05,-0.18,-1.0,10012.0,17865.869
1123,000736.SZ,20180522,18.05,18.09,17.89,18.05,18.03,0.02,0.11,6257.0,11258.938
1124,000736.SZ,20180521,18.05,18.1,17.77,18.03,18.05,-0.02,-0.11,11487.87,20619.299
1125,000736.SZ,20180518,17.94,18.05,17.71,18.05,17.94,0.11,0.61,6210.0,11087.474
1126,000736.SZ,20180517,17.86,18.04,17.8,17.94,17.94,0.0,0.0,5524.0,9897.017
1127,000736.SZ,20180516,18.16,18.23,17.9,17.94,18.16,-0.22,-1.21,4807.0,8672.019
1128,000736.SZ,20180515,17.65,18.23,17.65,18.16,17.81,0.35,1.97,9750.76,17532.907
1129,000736.SZ,20180514,18.01,18.15,17.6,17.81,18.0,-0.19,-1.06,12526.01,22458.886
1130,000736.SZ,20180511,18.24,18.27,17.96,18.0,18.24,-0.24,-1.32,11931.01,21542.422
1131,000736.SZ,20180510,18.42,18.51,18.22,18.24,18.3,-0.06,-0.33,12157.02,22252.578
1132,000736.SZ,20180509,18.5,18.69,18.22,18.3,18.56,-0.26,-1.4,11418.68,20988.817
1133,000736.SZ,20180508,18.25,18.68,18.15,18.56,18.3,0.26,1.42,12754.08,23539.806
1134,000736.SZ,20180507,18.19,18.38,18.06,18.3,18.16,0.14,0.77,12976.0,23657.767
1135,000736.SZ,20180504,18.15,18.25,18.03,18.16,18.1,0.06,0.33,9055.78,16440.532
1136,000736.SZ,20180503,18.37,18.37,17.85,18.1,18.17,-0.07,-0.39,12465.9,22506.546
1137,000736.SZ,20180502,18.98,18.98,18.05,18.17,18.75,-0.58,-3.09,15941.0,29303.826
1138,000736.SZ,20180427,18.31,18.86,18.31,18.75,18.32,0.43,2.35,14228.0,26613.869
1139,000736.SZ,20180426,18.97,19.17,18.32,18.32,19.07,-0.75,-3.93,14700.13,27502.09
1140,000736.SZ,20180425,19.6,19.6,19.04,19.07,19.26,-0.19,-0.99,19357.48,37107.923
1141,000736.SZ,20180424,18.53,19.6,18.53,19.26,18.5,0.76,4.11,28916.7,55460.615
1142,000736.SZ,20180423,18.03,18.5,18.03,18.5,18.64,-0.14,-0.75,14447.11,26420.431
1143,000736.SZ,20180420,19.39,19.39,18.5,18.64,19.4,-0.76,-3.92,20862.01,39270.718
1144,000736.SZ,20180419,19.32,19.8,19.02,19.4,19.4,0.0,0.0,19894.7,38633.157
1145,000736.SZ,20180418,19.33,19.62,18.86,19.4,19.07,0.33,1.73,20472.16,39409.262
1146,000736.SZ,20180417,19.11,19.64,19.02,19.07,19.02,0.05,0.26,23945.8,46215.743
1147,000736.SZ,20180416,19.34,19.34,18.59,19.02,19.35,-0.33,-1.71,26542.76,50416.123
1148,000736.SZ,20180413,18.99,19.63,18.97,19.35,19.26,0.09,0.47,30281.0,58392.761
1149,000736.SZ,20180412,20.38,20.59,18.82,19.26,20.23,-0.97,-4.79,70596.51,136685.401
1150,000736.SZ,20180411,20.3,21.0,20.04,20.23,20.35,-0.12,-0.59,31436.0,64326.387
1151,000736.SZ,20180410,20.04,20.47,19.73,20.35,20.2,0.15,0.74,32721.0,65964.618
1152,000736.SZ,20180409,19.1,20.5,19.1,20.2,19.25,0.95,4.94,45079.11,90583.214
1153,000736.SZ,20180404,18.48,19.7,18.48,19.25,18.48,0.77,4.17,39085.1,74645.61
1154,000736.SZ,20180403,18.42,18.59,18.07,18.48,18.6,-0.12,-0.65,17885.26,32793.115
1155,000736.SZ,20180402,18.6,18.78,18.48,18.6,18.57,0.03,0.16,22230.88,41448.522
1156,000736.SZ,20180330,18.5,18.8,18.37,18.57,18.84,-0.27,-1.43,30948.77,57392.247
1157,000736.SZ,20180329,17.94,18.96,17.72,18.84,17.95,0.89,4.96,51261.39,94379.801
1158,000736.SZ,20180328,17.46,18.25,17.45,17.95,17.7,0.25,1.41,19976.26,35958.848
1159,000736.SZ,20180327,17.21,17.87,17.21,17.7,17.07,0.63,3.69,16182.68,28452.977
1160,000736.SZ,20180326,16.55,17.25,16.35,17.07,16.76,0.31,1.85,13403.0,22623.643
1161,000736.SZ,20180323,17.1,17.6,16.3,16.76,17.73,-0.97,-5.47,28027.7,47740.857
1162,000736.SZ,20180322,17.92,17.93,17.56,17.73,17.87,-0.14,-0.78,19444.0,34367.961
1163,000736.SZ,20180321,18.03,18.2,17.77,17.87,18.0,-0.13,-0.72,19701.0,35478.416
1164,000736.SZ,20180320,17.7,18.09,17.39,18.0,17.95,0.05,0.28,24220.13,43197.204
1165,000736.SZ,20180319,18.31,18.33,17.76,17.95,18.3,-0.35,-1.91,22597.01,40554.303
1166,000736.SZ,20180316,17.82,18.44,17.82,18.3,17.83,0.47,2.64,43257.01,78835.728
1167,000736.SZ,20180315,17.68,17.94,17.62,17.83,17.75,0.08,0.45,23036.28,40960.68
1168,000736.SZ,20180314,17.72,17.97,17.61,17.75,17.85,-0.1,-0.56,17879.37,31792.04
1169,000736.SZ,20180313,17.88,18.14,17.7,17.85,18.02,-0.17,-0.94,20356.0,36438.372
1170,000736.SZ,20180312,18.27,18.3,17.8,18.02,18.19,-0.17,-0.93,32815.0,58986.881
1171,000736.SZ,20180309,18.19,18.4,18.07,18.19,17.98,0.21,1.17,26241.0,47782.54
1172,000736.SZ,20180308,17.6,18.27,17.6,17.98,18.04,-0.06,-0.33,21092.1,37905.921
1173,000736.SZ,20180307,18.54,18.68,17.93,18.04,18.55,-0.51,-2.75,29580.26,53878.86
1174,000736.SZ,20180306,17.73,18.68,17.73,18.55,17.82,0.73,4.1,43377.51,79343.286
1175,000736.SZ,20180305,18.23,18.69,17.8,17.82,18.45,-0.63,-3.41,35791.0,65150.031
1176,000736.SZ,20180302,18.2,18.9,18.1,18.45,18.49,-0.04,-0.22,34673.27,64269.362
1177,000736.SZ,20180301,18.52,19.05,18.4,18.49,18.99,-0.5,-2.63,59569.24,111119.55
1178,000736.SZ,20180228,18.0,19.39,17.8,18.99,18.29,0.7,3.83,59590.41,111208.041
1179,000736.SZ,20180227,18.68,18.98,18.26,18.29,18.74,-0.45,-2.4,45432.13,84521.243
1180,000736.SZ,20180226,18.2,19.1,17.61,18.74,18.35,0.39,2.13,65498.0,119337.485
1181,000736.SZ,20180223,17.73,18.67,17.73,18.35,17.61,0.74,4.2,51594.93,94080.334
1182,000736.SZ,20180222,17.6,17.99,17.4,17.61,17.38,0.23,1.32,45663.17,80476.46
1183,000736.SZ,20180214,17.7,17.9,17.1,17.38,18.04,-0.66,-3.66,51650.46,89927.142
1184,000736.SZ,20180213,16.78,18.04,16.5,18.04,16.4,1.64,10.0,86882.46,152415.392
1185,000736.SZ,20180212,16.4,16.8,15.97,16.4,15.94,0.46,2.89,54160.0,88862.007
1186,000736.SZ,20180209,16.97,17.19,15.94,15.94,17.71,-1.77,-9.99,67148.67,110102.442
1187,000736.SZ,20180208,17.69,18.39,17.41,17.71,18.03,-0.32,-1.77,58261.07,103560.04
1188,000736.SZ,20180207,19.0,19.58,17.88,18.03,19.1,-1.07,-5.6,99066.85,185367.243
1189,000736.SZ,20180206,19.41,20.26,19.1,19.1,21.22,-2.12,-9.99,88321.77,171868.246
1190,000736.SZ,20180205,22.5,24.28,21.22,21.22,23.58,-2.36,-10.01,136581.18,309269.382
1191,000736.SZ,20180202,23.71,24.65,22.46,23.58,22.46,1.12,4.99,174970.35,411558.821
1192,000736.SZ,20180201,22.46,22.46,22.46,22.46,20.42,2.04,9.99,12572.66,28238.194
1193,000736.SZ,20180131,20.42,20.42,19.98,20.42,18.56,1.86,10.02,33231.49,67811.543
1194,000736.SZ,20180130,17.6,19.46,17.6,18.56,17.73,0.83,4.68,40769.41,76039.567
1195,000736.SZ,20180129,17.6,18.2,17.5,17.73,18.03,-0.3,-1.66,23042.42,41127.36
1196,000736.SZ,20180126,17.3,18.2,17.08,18.03,17.3,0.73,4.22,36090.6,64316.78
1197,000736.SZ,20180125,17.73,17.96,17.29,17.3,17.88,-0.58,-3.24,27428.0,48061.952
1198,000736.SZ,20180124,17.72,18.08,17.63,17.88,17.86,0.02,0.11,27639.8,49253.407
1199,000736.SZ,20180123,17.51,17.95,17.51,17.86,17.63,0.23,1.3,33501.0,59514.062
1200,000736.SZ,20180122,17.23,17.75,17.05,17.63,17.26,0.37,2.14,27423.32,47959.413
1201,000736.SZ,20180119,16.8,17.39,16.6,17.26,16.89,0.37,2.19,28651.57,49176.282
1202,000736.SZ,20180118,16.88,17.06,16.8,16.89,16.96,-0.07,-0.41,10589.67,17899.551
1203,000736.SZ,20180117,17.17,17.28,16.64,16.96,17.13,-0.17,-0.99,24473.05,41409.397
1204,000736.SZ,20180116,16.84,17.37,16.6,17.13,16.6,0.53,3.19,24797.36,42008.941
1205,000736.SZ,20180115,17.02,17.27,16.6,16.6,17.22,-0.62,-3.6,24458.05,41203.379
1206,000736.SZ,20180112,17.15,17.85,17.0,17.22,17.15,0.07,0.41,28191.01,49384.674
1207,000736.SZ,20180111,17.08,17.48,16.8,17.15,17.23,-0.08,-0.46,20848.35,35603.983
1208,000736.SZ,20180110,17.66,17.8,17.0,17.23,17.27,-0.04,-0.23,28090.88,48455.941
1209,000736.SZ,20180109,16.76,17.99,16.65,17.27,16.95,0.32,1.89,53258.87,92919.042
1210,000736.SZ,20180108,16.46,17.11,16.46,16.95,16.43,0.52,3.16,46550.24,78486.662
1211,000736.SZ,20180105,16.15,17.35,16.09,16.43,16.11,0.32,1.99,52280.82,87436.215
1212,000736.SZ,20180104,16.61,16.61,16.11,16.11,16.72,-0.61,-3.65,26290.82,42950.933
1213,000736.SZ,20180103,16.52,16.82,16.35,16.72,16.79,-0.07,-0.42,39182.13,64771.19
1214,000736.SZ,20180102,16.0,17.6,15.98,16.79,16.0,0.79,4.94,74517.13,128283.477
1215,000736.SZ,20171229,15.65,16.11,15.57,16.0,15.58,0.42,2.7,21943.43,34821.258
1216,000736.SZ,20171228,15.25,15.74,15.25,15.58,15.51,0.07,0.45,11936.01,18548.685
1217,000736.SZ,20171227,15.35,15.77,15.35,15.51,15.58,-0.07,-0.45,14110.74,21966.966
1218,000736.SZ,20171226,15.44,15.58,15.3,15.58,15.61,-0.03,-0.19,16306.91,25158.746
1219,000736.SZ,20171225,15.05,16.2,15.05,15.61,15.24,0.37,2.43,34313.0,54088.663
1220,000736.SZ,20171222,15.22,15.4,15.18,15.24,15.38,-0.14,-0.91,7873.0,12042.856
1221,000736.SZ,20171221,15.24,15.48,15.09,15.38,15.23,0.15,0.98,13125.66,20115.279
1222,000736.SZ,20171220,15.11,15.35,15.0,15.23,15.11,0.12,0.79,7329.0,11141.973
1223,000736.SZ,20171219,14.96,15.29,14.96,15.11,14.97,0.14,0.94,6544.0,9900.543
1224,000736.SZ,20171218,15.3,15.45,14.88,14.97,15.34,-0.37,-2.41,10904.52,16445.801
1225,000736.SZ,20171215,15.35,15.66,15.25,15.34,15.35,-0.01,-0.07,11383.16,17551.377
1226,000736.SZ,20171214,15.4,15.44,15.15,15.35,15.2,0.15,0.99,8854.01,13533.343
1227,000736.SZ,20171213,15.3,15.49,15.09,15.2,15.38,-0.18,-1.17,10435.0,15939.333
1228,000736.SZ,20171212,15.3,15.56,15.21,15.38,15.33,0.05,0.33,11463.0,17622.407
1229,000736.SZ,20171211,15.28,15.55,15.26,15.33,15.3,0.03,0.2,11934.01,18338.536
1230,000736.SZ,20171208,15.42,15.5,14.9,15.3,15.41,-0.11,-0.71,31683.01,48080.526
1231,000736.SZ,20171207,14.93,15.73,14.85,15.41,14.96,0.45,3.01,27545.01,42435.647
1232,000736.SZ,20171206,14.58,15.02,14.5,14.96,14.81,0.15,1.01,8427.0,12509.981
1233,000736.SZ,20171205,14.82,15.25,14.63,14.81,14.75,0.06,0.41,16047.9,23992.0
1234,000736.SZ,20171204,14.68,14.93,14.59,14.75,14.68,0.07,0.48,8523.0,12578.099
1235,000736.SZ,20171201,14.66,14.99,14.63,14.68,14.68,0.0,0.0,8404.0,12400.317
1236,000736.SZ,20171130,15.0,15.0,14.59,14.68,15.1,-0.42,-2.78,16823.08,24797.724
1237,000736.SZ,20171129,14.39,15.44,14.34,15.1,14.41,0.69,4.79,29657.1,44274.762
1238,000736.SZ,20171128,14.31,14.46,14.3,14.41,14.38,0.03,0.21,8818.92,12695.43
1239,000736.SZ,20171127,14.35,14.52,14.2,14.38,14.32,0.06,0.42,6487.82,9319.911
1240,000736.SZ,20171124,14.14,14.46,14.1,14.32,14.14,0.18,1.27,9000.01,12862.743
1241,000736.SZ,20171123,14.55,14.67,14.14,14.14,14.51,-0.37,-2.55,14164.0,20333.282
1242,000736.SZ,20171122,15.25,15.25,14.46,14.51,14.91,-0.4,-2.68,23874.01,35194.652
1243,000736.SZ,20171121,14.53,15.4,14.2,14.91,14.54,0.37,2.54,27847.02,41647.26
1244,000736.SZ,20171120,14.91,14.91,14.05,14.54,15.04,-0.5,-3.32,21515.31,30885.962
1245,000736.SZ,20171117,15.43,15.8,15.04,15.04,15.6,-0.56,-3.59,29788.69,45710.196
1246,000736.SZ,20171116,15.14,16.15,15.14,15.6,15.25,0.35,2.3,28952.55,45346.539
1247,000736.SZ,20171115,15.14,15.42,15.06,15.25,15.16,0.09,0.59,14341.0,21825.836
1248,000736.SZ,20171114,15.23,15.34,15.01,15.16,15.36,-0.2,-1.3,20625.04,31310.59
1249,000736.SZ,20171113,15.67,15.77,15.31,15.36,15.8,-0.44,-2.78,28808.65,44457.467
1250,000736.SZ,20171110,15.48,16.55,15.35,15.8,15.32,0.48,3.13,39944.81,63782.17
1251,000736.SZ,20171109,15.23,15.43,15.15,15.32,15.33,-0.01,-0.07,18019.8,27529.252
1252,000736.SZ,20171108,15.3,15.49,15.23,15.33,15.31,0.02,0.13,17473.0,26840.589
1253,000736.SZ,20171107,15.45,15.46,15.0,15.31,15.46,-0.15,-0.97,18580.01,28376.255
1254,000736.SZ,20171106,15.3,15.6,15.01,15.46,15.3,0.16,1.05,19724.01,30284.759
1255,000736.SZ,20171103,15.84,15.84,15.15,15.3,15.68,-0.38,-2.42,29353.5,45068.251
1256,000736.SZ,20171102,16.06,16.08,15.56,15.68,16.24,-0.56,-3.45,34398.61,54134.096
1257,000736.SZ,20171101,15.92,16.69,15.62,16.24,15.87,0.37,2.33,51752.02,83915.109
1258,000736.SZ,20171031,15.83,16.09,15.33,15.87,15.78,0.09,0.57,33207.0,52418.377
1259,000736.SZ,20171030,16.7,17.15,15.6,15.78,16.63,-0.85,-5.11,49495.53,79008.31
1260,000736.SZ,20171027,16.51,17.34,16.51,16.63,16.48,0.15,0.91,71227.11,120669.433
1261,000736.SZ,20171026,16.39,16.77,16.39,16.48,16.89,-0.41,-2.43,55900.01,92594.405
1262,000736.SZ,20171025,16.98,17.36,16.36,16.89,16.94,-0.05,-0.3,119126.06,201204.444
1263,000736.SZ,20171024,15.6,16.94,15.33,16.94,15.4,1.54,10.0,137914.96,229102.836
1264,000736.SZ,20171023,15.16,15.4,15.1,15.4,15.16,0.24,1.58,28099.11,42967.264
1265,000736.SZ,20171020,14.94,15.19,14.76,15.16,14.9,0.26,1.75,25338.01,37948.311
1266,000736.SZ,20171019,15.06,15.06,14.76,14.9,14.99,-0.09,-0.6,23118.0,34376.231
1267,000736.SZ,20171018,15.1,15.29,14.9,14.99,15.1,-0.11,-0.73,28954.28,43832.044
1268,000736.SZ,20171017,14.94,15.31,14.94,15.1,15.0,0.1,0.67,23383.07,35486.875
1269,000736.SZ,20171016,15.27,15.51,14.94,15.0,15.77,-0.77,-4.88,55081.17,83620.814
1270,000736.SZ,20171013,16.19,16.2,15.76,15.77,16.16,-0.39,-2.41,50426.01,80123.977
1271,000736.SZ,20171012,15.83,16.18,15.75,16.16,15.98,0.18,1.13,33747.87,54010.067
1272,000736.SZ,20171011,16.34,16.48,15.9,15.98,16.5,-0.52,-3.15,52067.28,84250.418
1273,000736.SZ,20171010,16.19,16.66,15.7,16.5,16.26,0.24,1.48,69650.1,112363.85
1274,000736.SZ,20171009,16.62,16.8,16.25,16.26,16.02,0.24,1.5,74739.15,122695.902
1275,000736.SZ,20170929,16.53,16.69,15.81,16.02,16.3,-0.28,-1.72,73485.01,119116.57
1276,000736.SZ,20170928,16.58,16.78,16.15,16.3,16.63,-0.33,-1.98,78048.23,127951.712
1277,000736.SZ,20170927,16.26,16.94,16.26,16.63,16.32,0.31,1.9,116874.95,193769.586
1278,000736.SZ,20170926,16.28,16.54,16.04,16.32,16.28,0.04,0.25,98758.54,160741.019
1279,000736.SZ,20170925,17.75,17.8,16.26,16.28,18.07,-1.79,-9.91,176952.81,296819.443
1280,000736.SZ,20170922,18.14,18.7,17.92,18.07,18.25,-0.18,-0.99,121131.14,220641.384
1281,000736.SZ,20170921,19.1,19.43,18.25,18.25,19.28,-1.03,-5.34,155275.01,290902.638
1282,000736.SZ,20170920,19.5,20.5,18.5,19.28,19.67,-0.39,-1.98,278955.1,544589.017
1283,000736.SZ,20170919,17.85,19.67,17.31,19.67,17.88,1.79,10.01,134212.38,250837.482
1284,000736.SZ,20170918,18.2,18.49,17.11,17.88,16.97,0.91,5.36,226564.35,401816.504
1285,000736.SZ,20170915,15.89,16.97,15.8,16.97,15.43,1.54,9.98,107859.22,179293.178
1286,000736.SZ,20170914,14.18,15.43,14.15,15.43,14.03,1.4,9.98,79416.91,120043.293
1287,000736.SZ,20170913,14.09,14.24,13.88,14.03,14.12,-0.09,-0.64,23751.61,33317.325
1288,000736.SZ,20170912,14.48,14.48,14.1,14.12,14.46,-0.34,-2.35,28519.0,40668.456
1289,000736.SZ,20170911,14.57,14.68,14.43,14.46,14.59,-0.13,-0.89,18675.92,27092.278
1290,000736.SZ,20170908,14.5,14.68,14.22,14.59,14.69,-0.1,-0.68,34398.0,49537.792
1291,000736.SZ,20170907,14.52,15.0,14.45,14.69,14.58,0.11,0.75,83033.4,122597.245
1292,000736.SZ,20170906,14.55,14.6,14.25,14.58,14.57,0.01,0.07,40916.98,59079.413
1293,000736.SZ,20170905,13.91,14.68,13.85,14.57,13.86,0.71,5.12,55539.77,79273.954
1294,000736.SZ,20170904,13.83,13.96,13.8,13.86,13.9,-0.04,-0.29,12369.08,17170.38
1295,000736.SZ,20170901,13.87,13.98,13.69,13.9,13.78,0.12,0.87,16078.97,22316.371
1296,000736.SZ,20170831,13.84,13.9,13.72,13.78,13.84,-0.06,-0.43,13302.95,18359.065
1297,000736.SZ,20170830,13.76,13.92,13.73,13.84,13.95,-0.11,-0.79,17359.75,24001.388
1298,000736.SZ,20170829,14.24,14.24,13.57,13.95,14.16,-0.21,-1.48,29747.02,41323.388
1299,000736.SZ,20170828,14.04,14.25,13.98,14.16,14.12,0.04,0.28,21369.86,30172.371
1300,000736.SZ,20170825,14.24,14.45,13.96,14.12,14.25,-0.13,-0.91,23935.76,33948.323
1301,000736.SZ,20170824,13.98,14.72,13.72,14.25,14.09,0.16,1.14,40405.89,57661.318
1302,000736.SZ,20170823,13.89,14.2,13.85,14.09,14.01,0.08,0.57,25658.65,36056.235
1303,000736.SZ,20170822,13.78,14.2,13.7,14.01,13.77,0.24,1.74,22592.58,31523.104
1304,000736.SZ,20170821,13.75,13.9,13.62,13.77,13.73,0.04,0.29,12763.01,17573.887
1305,000736.SZ,20170818,13.59,14.1,13.46,13.73,13.74,-0.01,-0.07,23563.14,32492.299
1306,000736.SZ,20170817,13.34,14.15,13.28,13.74,13.35,0.39,2.92,39019.71,54125.864
1307,000736.SZ,20170816,13.16,13.43,13.1,13.35,13.16,0.19,1.44,12374.96,16452.873
1308,000736.SZ,20170815,13.16,13.26,13.09,13.16,13.17,-0.01,-0.08,7047.01,9273.212
1309,000736.SZ,20170814,12.99,13.23,12.98,13.17,12.97,0.2,1.54,7830.88,10286.249
1310,000736.SZ,20170811,13.49,13.49,12.95,12.97,13.49,-0.52,-3.85,16002.5,21076.427
1311,000736.SZ,20170810,13.43,13.68,13.37,13.49,13.43,0.06,0.45,12219.0,16528.535
1312,000736.SZ,20170809,13.52,13.63,13.39,13.43,13.57,-0.14,-1.03,13107.0,17650.442
1313,000736.SZ,20170808,13.7,13.75,13.49,13.57,13.7,-0.13,-0.95,14029.02,19038.86
1314,000736.SZ,20170807,13.68,13.85,13.66,13.7,13.68,0.02,0.15,7698.7,10581.453
1315,000736.SZ,20170804,13.78,13.85,13.68,13.68,13.83,-0.15,-1.08,14664.0,20126.802
1316,000736.SZ,20170803,14.03,14.11,13.76,13.83,14.02,-0.19,-1.36,22796.94,31587.586
1317,000736.SZ,20170802,13.85,14.29,13.75,14.02,13.8,0.22,1.59,35489.87,49849.926
1318,000736.SZ,20170801,13.56,13.85,13.48,13.8,13.55,0.25,1.85,23167.0,31696.613
1319,000736.SZ,20170731,13.66,13.75,13.45,13.55,13.64,-0.09,-0.66,19260.8,26116.887
1320,000736.SZ,20170728,13.71,13.8,13.62,13.64,13.71,-0.07,-0.51,16885.0,23140.132
1321,000736.SZ,20170727,13.55,13.93,13.44,13.71,13.57,0.14,1.03,21566.6,29496.903
1322,000736.SZ,20170726,13.73,13.84,13.54,13.57,13.73,-0.16,-1.17,10997.0,14989.268
1323,000736.SZ,20170725,13.75,13.9,13.72,13.73,13.81,-0.08,-0.58,12922.0,17834.024
1324,000736.SZ,20170724,13.75,13.96,13.55,13.81,13.78,0.03,0.22,16014.5,21987.785
1325,000736.SZ,20170721,13.94,14.12,13.75,13.78,14.12,-0.34,-2.41,24182.0,33610.711
1326,000736.SZ,20170720,13.59,14.35,13.45,14.12,13.5,0.62,4.59,51727.36,72381.659
1327,000736.SZ,20170719,13.51,13.65,13.24,13.5,13.51,-0.01,-0.07,24367.01,32746.527
1328,000736.SZ,20170718,13.18,13.83,13.18,13.51,13.94,-0.43,-3.08,24200.0,32728.651
1329,000736.SZ,20170717,13.55,14.26,12.35,13.94,13.67,0.27,1.98,52744.94,71874.929
1330,000736.SZ,20170714,14.2,14.2,13.05,13.67,14.39,-0.72,-5.0,40448.52,55239.537
1331,000736.SZ,20170713,14.46,14.57,14.28,14.39,14.47,-0.08,-0.55,13433.68,19368.969
1332,000736.SZ,20170712,14.8,14.8,14.31,14.47,14.69,-0.22,-1.5,24091.13,34817.311
1333,000736.SZ,20170711,14.91,15.0,14.53,14.71,15.02,-0.31,-2.06,21407.0,31719.578
1334,000736.SZ,20170710,14.81,15.15,14.79,15.02,14.81,0.21,1.42,32374.24,48515.324
1335,000736.SZ,20170707,14.88,14.96,14.8,14.81,14.88,-0.07,-0.47,20828.0,30931.798
1336,000736.SZ,20170706,14.91,15.07,14.76,14.88,14.94,-0.06,-0.4,21179.89,31588.261
1337,000736.SZ,20170705,14.8,15.19,14.75,14.94,14.8,0.14,0.95,20208.23,30226.116
1338,000736.SZ,20170704,14.98,15.01,14.75,14.8,14.93,-0.13,-0.87,15404.48,22877.762
1339,000736.SZ,20170703,14.93,15.06,14.84,14.93,14.84,0.09,0.61,13658.03,20409.571
1340,000736.SZ,20170630,14.88,15.0,14.75,14.84,14.87,-0.03,-0.2,16398.02,24346.584
1341,000736.SZ,20170629,14.85,15.08,14.75,14.87,14.77,0.1,0.68,21667.01,32289.975
1342,000736.SZ,20170628,15.2,15.25,14.66,14.77,15.16,-0.39,-2.57,35308.2,52582.83
1343,000736.SZ,20170627,15.13,15.29,14.94,15.16,15.13,0.03,0.2,39667.98,60057.28
1344,000736.SZ,20170626,15.08,15.24,14.92,15.13,15.09,0.04,0.27,40611.04,61305.548
1345,000736.SZ,20170623,14.7,15.44,14.44,15.09,14.64,0.45,3.07,53470.59,80256.964
1346,000736.SZ,20170622,14.96,14.97,14.62,14.64,14.96,-0.32,-2.14,23597.0,34996.224
1347,000736.SZ,20170621,14.85,15.03,14.79,14.96,14.89,0.07,0.47,22869.69,34063.848
1348,000736.SZ,20170620,15.18,15.29,14.8,14.89,15.17,-0.28,-1.85,40604.0,61176.254
1349,000736.SZ,20170619,14.98,15.21,14.82,15.17,15.04,0.13,0.86,35356.44,53044.851
1350,000736.SZ,20170616,15.58,15.59,14.9,15.04,15.21,-0.17,-1.12,63544.96,96146.79
1351,000736.SZ,20170615,14.48,16.0,14.38,15.21,14.62,0.59,4.04,116123.47,177145.186
1352,000736.SZ,20170614,14.22,14.77,14.05,14.62,14.25,0.37,2.6,63863.97,92778.978
1353,000736.SZ,20170613,13.7,14.37,13.7,14.25,13.7,0.55,4.01,40679.72,57484.093
1354,000736.SZ,20170612,14.21,14.25,13.7,13.7,14.31,-0.61,-4.26,38015.42,52807.1
1355,000736.SZ,20170609,14.52,14.59,14.3,14.31,14.53,-0.22,-1.51,35952.2,51795.302
1356,000736.SZ,20170608,14.4,14.7,14.23,14.53,14.45,0.08,0.55,54125.02,78184.624
1357,000736.SZ,20170607,14.13,14.45,14.01,14.45,14.12,0.33,2.34,51265.21,73150.94
1358,000736.SZ,20170606,14.3,14.46,14.03,14.12,14.27,-0.15,-1.05,37435.49,53411.858
1359,000736.SZ,20170605,14.07,14.43,14.01,14.27,14.15,0.12,0.85,41200.48,58871.112
1360,000736.SZ,20170602,13.95,14.44,13.63,14.15,14.25,-0.1,-0.7,67621.52,94852.203
1361,000736.SZ,20170601,13.76,14.86,13.51,14.25,13.94,0.31,2.22,96406.18,137076.101
1362,000736.SZ,20170531,13.78,14.35,13.75,13.94,13.67,0.27,1.98,60793.67,85175.919
1363,000736.SZ,20170526,13.51,13.99,13.51,13.67,13.71,-0.04,-0.29,54393.7,74934.883
1364,000736.SZ,20170525,13.61,13.77,13.35,13.71,13.64,0.07,0.51,50990.71,69364.756
1365,000736.SZ,20170524,13.3,13.66,13.03,13.64,13.28,0.36,2.71,52949.17,70974.643
1366,000736.SZ,20170523,13.7,14.07,13.13,13.28,13.95,-0.67,-4.8,63897.96,86497.548
1367,000736.SZ,20170522,15.18,15.3,13.88,13.95,15.42,-1.47,-9.53,112148.14,160812.562
1368,000736.SZ,20170519,15.93,15.93,15.33,15.42,15.86,-0.44,-2.77,63259.76,98721.454
1369,000736.SZ,20170518,15.77,16.15,15.51,15.86,15.84,0.02,0.13,74742.32,118109.064
1370,000736.SZ,20170517,15.31,16.49,15.31,15.84,15.67,0.17,1.08,100130.25,159956.276
1371,000736.SZ,20170516,15.55,15.72,15.1,15.67,15.76,-0.09,-0.57,83351.25,128583.848
1372,000736.SZ,20170515,15.47,15.89,15.06,15.76,15.26,0.5,3.28,111674.37,173182.958
1373,000736.SZ,20170512,15.7,15.7,15.03,15.26,15.91,-0.65,-4.09,116095.08,177956.376
1374,000736.SZ,20170511,16.6,16.6,15.61,15.91,17.34,-1.43,-8.25,181533.15,286212.539
1375,000736.SZ,20170510,18.2,18.25,17.3,17.34,18.05,-0.71,-3.93,77370.0,137631.463
1376,000736.SZ,20170509,17.97,18.37,17.43,18.05,18.03,0.02,0.11,80241.71,144470.403
1377,000736.SZ,20170508,19.36,19.4,18.03,18.03,20.03,-2.0,-9.99,165690.63,306739.712
1378,000736.SZ,20170505,22.25,22.25,20.03,20.03,22.25,-2.22,-9.98,182028.13,379685.821
1379,000736.SZ,20170504,22.3,22.88,21.8,22.25,23.37,-1.12,-4.79,188583.2,419411.924
1380,000736.SZ,20170503,24.21,24.9,22.66,23.37,25.18,-1.81,-7.19,334912.24,798541.191
1381,000736.SZ,20170502,26.0,27.25,23.44,25.18,24.77,0.41,1.66,320469.73,820391.438
1382,000736.SZ,20170428,23.64,24.77,23.47,24.77,22.52,2.25,9.99,136004.13,331445.453
1383,000736.SZ,20170427,20.5,22.52,19.3,22.52,20.47,2.05,10.01,121683.97,262721.47
1384,000736.SZ,20170426,20.5,20.5,20.08,20.47,20.27,0.2,0.99,28436.28,57863.774
1385,000736.SZ,20170425,19.52,20.5,19.52,20.27,19.74,0.53,2.68,44070.61,89024.181
1386,000736.SZ,20170424,20.05,20.17,18.3,19.74,20.2,-0.46,-2.28,26432.93,51271.617
1387,000736.SZ,20170421,20.08,20.5,19.92,20.2,20.07,0.13,0.65,21434.71,43362.926
1388,000736.SZ,20170420,19.99,20.29,19.5,20.07,20.1,-0.03,-0.15,21938.92,43666.949
1389,000736.SZ,20170419,19.91,20.13,19.17,20.1,19.95,0.15,0.75,28376.54,55767.432
1390,000736.SZ,20170418,20.2,20.6,19.82,19.95,20.16,-0.21,-1.04,30225.09,61055.71
1391,000736.SZ,20170417,21.0,21.37,20.06,20.16,21.68,-1.52,-7.01,59435.39,121563.953
1392,000736.SZ,20170414,20.8,22.14,20.8,21.68,21.15,0.53,2.51,66966.47,144757.353
1393,000736.SZ,20170413,21.05,21.34,20.7,21.15,21.38,-0.23,-1.08,45639.45,96000.582
1394,000736.SZ,20170412,21.24,21.99,21.24,21.38,21.58,-0.2,-0.93,42349.84,91287.746
1395,000736.SZ,20170411,21.86,22.03,20.8,21.58,22.16,-0.58,-2.62,85763.22,184213.221
1396,000736.SZ,20170410,21.12,23.44,20.66,22.16,21.31,0.85,3.99,126092.8,281366.278
1397,000736.SZ,20170407,21.52,22.5,21.1,21.31,21.32,-0.01,-0.05,86856.61,188458.465
1398,000736.SZ,20170406,21.56,21.63,20.8,21.32,21.35,-0.03,-0.14,69298.17,147029.411
1399,000736.SZ,20170405,21.0,22.1,20.81,21.35,20.67,0.68,3.29,114671.8,246179.371
1400,000736.SZ,20170331,20.67,20.67,19.51,20.67,18.79,1.88,10.01,260883.89,532874.56
1401,000736.SZ,20170330,18.94,19.07,18.45,18.79,19.0,-0.21,-1.11,48317.63,90331.98
1402,000736.SZ,20170329,19.53,19.69,18.74,19.0,19.51,-0.51,-2.61,62272.62,118518.1
1403,000736.SZ,20170328,19.39,19.79,19.31,19.51,19.21,0.3,1.56,52206.48,102191.665
1404,000736.SZ,20170327,19.33,19.9,19.14,19.21,19.5,-0.29,-1.49,65795.83,128286.071
1405,000736.SZ,20170324,20.05,20.29,19.26,19.5,20.6,-1.1,-5.34,161492.52,315925.633
1406,000736.SZ,20170323,21.0,21.58,20.02,20.6,19.62,0.98,4.99,261893.11,555836.701
1407,000736.SZ,20170322,20.08,20.55,19.62,19.62,20.3,-0.68,-3.35,75576.23,151275.929
1408,000736.SZ,20170321,20.52,20.85,20.21,20.3,20.37,-0.07,-0.34,85054.28,174258.052
1409,000736.SZ,20170320,21.01,21.01,20.01,20.37,21.01,-0.64,-3.05,146879.17,301865.215
1410,000736.SZ,20170317,20.55,22.0,20.0,21.01,20.0,1.01,5.05,239663.75,506895.964
1411,000736.SZ,20170316,18.18,20.0,18.18,20.0,18.18,1.82,10.01,148281.63,287035.788
1412,000736.SZ,20170315,18.4,18.5,18.13,18.18,18.4,-0.22,-1.2,20032.28,36471.18
1413,000736.SZ,20170314,18.31,18.68,18.2,18.4,18.34,0.06,0.33,35657.74,65790.712
1414,000736.SZ,20170313,18.26,18.38,18.0,18.34,18.42,-0.08,-0.43,32676.59,59400.03
1415,000736.SZ,20170310,18.65,18.82,18.42,18.42,18.9,-0.48,-2.54,40406.6,75187.447
1416,000736.SZ,20170309,18.7,18.95,18.4,18.9,19.6,-0.7,-3.57,97264.11,181192.751
1417,000736.SZ,20170308,19.24,20.3,19.21,19.6,18.45,1.15,6.23,157222.9,311272.101
1418,000736.SZ,20170307,18.26,18.48,18.19,18.45,18.26,0.19,1.04,20905.1,38325.008
1419,000736.SZ,20170306,18.1,18.38,18.1,18.26,18.07,0.19,1.05,20017.23,36592.594
1420,000736.SZ,20170303,17.81,18.18,17.5,18.07,17.81,0.26,1.46,21365.53,38313.195
1421,000736.SZ,20170302,18.47,18.59,17.74,17.81,18.47,-0.66,-3.57,35330.56,63823.079
1422,000736.SZ,20170301,18.72,18.8,18.4,18.47,18.63,-0.16,-0.86,20515.02,38020.649
1423,000736.SZ,20170228,18.6,18.82,18.5,18.63,18.71,-0.08,-0.43,16876.55,31457.726
1424,000736.SZ,20170227,18.68,18.96,18.63,18.71,18.67,0.04,0.21,17723.16,33287.276
1425,000736.SZ,20170224,18.38,18.74,18.33,18.67,18.44,0.23,1.25,17509.91,32588.359
1426,000736.SZ,20170223,18.69,18.74,18.37,18.44,18.68,-0.24,-1.28,24069.14,44475.009
1427,000736.SZ,20170222,18.82,18.87,18.61,18.68,18.82,-0.14,-0.74,17199.3,32178.794
1428,000736.SZ,20170221,18.85,18.9,18.64,18.82,18.79,0.03,0.16,18347.01,34408.071
1429,000736.SZ,20170220,18.42,18.82,18.42,18.79,18.61,0.18,0.97,27392.0,50981.521
1430,000736.SZ,20170217,19.04,19.21,18.52,18.61,19.02,-0.41,-2.16,29009.33,54448.01
1431,000736.SZ,20170216,19.29,19.34,18.76,19.02,19.34,-0.32,-1.65,44538.69,84456.251
1432,000736.SZ,20170215,19.87,19.91,19.22,19.34,19.93,-0.59,-2.96,38561.43,75461.643
1433,000736.SZ,20170214,19.5,20.1,19.28,19.93,19.21,0.72,3.75,64204.2,127219.832
1434,000736.SZ,20170213,19.08,19.36,19.04,19.21,19.25,-0.04,-0.21,20178.0,38743.401
1435,000736.SZ,20170210,19.51,19.61,19.21,19.25,19.65,-0.4,-2.04,29120.27,56373.611
1436,000736.SZ,20170209,19.58,20.17,19.4,19.65,19.55,0.1,0.51,45473.24,90249.602
1437,000736.SZ,20170208,19.12,19.59,19.03,19.55,19.29,0.26,1.35,31790.69,61549.011
1438,000736.SZ,20170207,18.84,19.29,18.69,19.29,18.96,0.33,1.74,29947.95,56811.558
1439,000736.SZ,20170206,18.68,19.17,18.68,18.96,18.75,0.21,1.12,26245.94,49849.646
1440,000736.SZ,20170203,18.51,18.83,18.42,18.75,18.44,0.31,1.68,16842.72,31477.937
1441,000736.SZ,20170126,18.36,18.69,18.36,18.44,18.53,-0.09,-0.49,15872.47,29342.701
1442,000736.SZ,20170125,18.79,18.88,18.35,18.53,18.7,-0.17,-0.91,19369.61,36086.303
1443,000736.SZ,20170124,19.19,19.25,18.62,18.7,19.21,-0.51,-2.65,27252.1,51361.798
1444,000736.SZ,20170123,19.08,19.86,19.05,19.21,19.27,-0.06,-0.31,28028.62,54344.813
1445,000736.SZ,20170120,19.02,19.46,18.89,19.27,19.03,0.24,1.26,23165.25,44627.197
1446,000736.SZ,20170119,19.8,19.93,18.98,19.03,19.58,-0.55,-2.81,31006.14,59676.102
1447,000736.SZ,20170118,18.85,19.72,18.85,19.58,19.1,0.48,2.51,40338.37,78127.181
1448,000736.SZ,20170117,19.0,19.32,18.39,19.1,19.01,0.09,0.47,36425.11,68678.5
1449,000736.SZ,20170116,19.26,19.8,18.09,19.01,19.15,-0.14,-0.73,63672.0,120635.205
1450,000736.SZ,20170113,19.91,20.19,18.99,19.15,19.95,-0.8,-4.01,39637.78,77947.875
1451,000736.SZ,20170112,19.84,20.37,19.62,19.95,19.9,0.05,0.25,45411.61,90675.55
1452,000736.SZ,20170111,20.58,20.84,19.79,19.9,20.61,-0.71,-3.44,59124.31,119402.748
1453,000736.SZ,20170110,21.19,21.4,20.58,20.61,21.5,-0.89,-4.14,71445.24,149069.233
1454,000736.SZ,20170109,21.0,22.22,20.8,21.5,21.15,0.35,1.65,94924.57,203098.973
1455,000736.SZ,20170106,21.0,22.2,20.66,21.15,21.14,0.01,0.05,119436.83,256532.305
1456,000736.SZ,20170105,20.44,21.97,20.23,21.14,20.39,0.75,3.68,142284.53,301432.442
1457,000736.SZ,20170104,19.66,20.93,19.66,20.39,19.79,0.6,3.03,86682.27,175413.745
1458,000736.SZ,20170103,19.65,20.4,19.5,19.79,19.45,0.34,1.75,37932.65,75421.579
1459,000736.SZ,20161230,19.43,19.76,19.2,19.45,19.53,-0.08,-0.41,24801.94,48505.864
1460,000736.SZ,20161229,19.73,19.85,19.42,19.53,20.05,-0.52,-2.59,37806.06,74003.872
1461,000736.SZ,20161228,19.99,20.92,19.81,20.05,20.19,-0.14,-0.69,46953.0,95733.906
1462,000736.SZ,20161227,19.85,20.79,19.6,20.19,19.92,0.27,1.36,65192.4,132428.459
1463,000736.SZ,20161226,19.78,20.0,19.38,19.92,19.7,0.22,1.12,35540.04,70160.747
1464,000736.SZ,20161223,20.26,20.28,19.55,19.7,20.4,-0.7,-3.43,44957.22,89202.514
1465,000736.SZ,20161222,20.01,20.98,19.81,20.4,20.28,0.12,0.59,75075.12,153169.969
1466,000736.SZ,20161221,19.82,20.66,19.51,20.28,19.8,0.48,2.42,107702.76,217293.99
1467,000736.SZ,20161220,20.33,20.33,19.36,19.8,20.35,-0.55,-2.7,80379.98,159514.009
1468,000736.SZ,20161219,18.58,20.35,18.2,20.35,18.5,1.85,10.0,88843.68,174486.205
1469,000736.SZ,20161216,17.98,18.58,17.73,18.5,17.72,0.78,4.4,34217.92,62548.87
1470,000736.SZ,20161215,17.62,17.83,17.48,17.72,17.63,0.09,0.51,13081.67,23180.012
1471,000736.SZ,20161214,17.64,17.94,17.46,17.63,17.69,-0.06,-0.34,13772.82,24435.815
1472,000736.SZ,20161213,17.51,17.87,17.0,17.69,17.51,0.18,1.03,25975.42,45193.811
1473,000736.SZ,20161212,18.64,18.77,17.35,17.51,18.61,-1.1,-5.91,33599.91,59956.824
1474,000736.SZ,20161209,18.89,19.1,18.51,18.61,18.88,-0.27,-1.43,20616.41,38766.991
1475,000736.SZ,20161208,18.87,19.24,18.72,18.88,18.93,-0.05,-0.26,23832.38,45428.674
1476,000736.SZ,20161207,18.5,19.08,18.45,18.93,18.84,0.09,0.48,19997.33,37763.694
1477,000736.SZ,20161206,18.63,18.91,18.5,18.84,18.44,0.4,2.17,16378.35,30633.92
1478,000736.SZ,20161205,18.22,18.97,18.06,18.44,18.62,-0.18,-0.97,25197.18,46812.244
1479,000736.SZ,20161202,18.99,19.2,18.51,18.62,18.99,-0.37,-1.95,24340.33,45494.002
1480,000736.SZ,20161201,18.81,19.4,18.53,18.99,18.68,0.31,1.66,32130.11,61072.326
1481,000736.SZ,20161130,18.94,19.38,18.49,18.68,19.05,-0.37,-1.94,38757.34,72925.038
1482,000736.SZ,20161129,20.32,20.32,18.9,19.05,20.4,-1.35,-6.62,69968.09,137311.212
1483,000736.SZ,20161128,20.28,20.75,19.88,20.4,20.25,0.15,0.74,60415.26,123129.717
1484,000736.SZ,20161125,20.05,21.76,20.05,20.25,19.99,0.26,1.3,77844.3,160609.116
1485,000736.SZ,20161124,19.7,20.15,19.6,19.99,20.15,-0.16,-0.79,46274.46,91873.768
1486,000736.SZ,20161123,19.78,20.96,19.57,20.15,19.24,0.91,4.73,92803.15,186766.436
1487,000736.SZ,20161122,19.01,19.28,18.81,19.24,19.12,0.12,0.63,25721.0,49104.644
1488,000736.SZ,20161121,19.1,19.3,18.71,19.12,19.06,0.06,0.31,30350.12,57767.992
1489,000736.SZ,20161118,18.8,19.36,18.8,19.06,18.91,0.15,0.79,32149.84,61722.657
1490,000736.SZ,20161117,19.09,19.32,18.75,18.91,19.15,-0.24,-1.25,38546.03,73201.356
1491,000736.SZ,20161116,19.8,19.8,19.15,19.15,19.73,-0.58,-2.94,55746.21,107739.829
1492,000736.SZ,20161115,19.94,19.98,19.47,19.73,19.91,-0.18,-0.9,37862.02,74636.362
1493,000736.SZ,20161114,19.66,19.93,19.44,19.91,19.91,0.0,0.0,45087.07,88664.507
1494,000736.SZ,20161111,20.94,21.0,19.78,19.91,20.6,-0.69,-3.35,86781.33,174482.277
1495,000736.SZ,20161110,21.62,21.62,20.32,20.6,19.65,0.95,4.83,138081.36,288776.208
1496,000736.SZ,20161109,19.45,20.06,19.0,19.65,19.45,0.2,1.03,78048.88,154090.826
1497,000736.SZ,20161108,19.66,19.66,19.02,19.45,19.25,0.2,1.04,49221.52,95035.489
1498,000736.SZ,20161107,19.85,19.89,19.08,19.25,19.79,-0.54,-2.73,55228.59,106453.812
1499,000736.SZ,20161104,20.2,20.3,19.65,19.79,20.55,-0.76,-3.7,81052.18,161537.123
1500,000736.SZ,20161103,20.19,20.84,19.69,20.55,19.9,0.65,3.27,149478.27,303907.499
1501,000736.SZ,20161102,20.46,20.57,19.89,19.9,20.8,-0.9,-4.33,131711.71,265381.469
1502,000736.SZ,20161101,19.89,21.57,19.5,20.8,20.19,0.61,3.02,183703.73,376970.152
1503,000736.SZ,20161031,20.11,21.0,19.5,20.19,19.09,1.1,5.76,201692.49,409941.878
1504,000736.SZ,20161028,18.2,19.09,18.2,19.09,17.35,1.74,10.03,104030.33,195772.4465
1505,000736.SZ,20161027,17.65,17.8,17.28,17.35,17.48,-0.13,-0.74,33370.94,58495.9033
1506,000736.SZ,20161026,17.68,17.85,17.42,17.48,17.68,-0.2,-1.13,35789.9,63322.872
1507,000736.SZ,20161025,17.69,17.85,17.41,17.68,17.74,-0.06,-0.34,37209.6,65394.4386
1508,000736.SZ,20161024,17.87,18.2,17.52,17.74,17.91,-0.17,-0.95,40733.86,72248.9929
1509,000736.SZ,20161021,18.0,18.65,17.7,17.91,18.29,-0.38,-2.08,59444.7,107384.6816
1510,000736.SZ,20161020,17.7,18.89,17.52,18.29,17.99,0.3,1.67,106906.69,196646.4832
1511,000736.SZ,20161019,17.11,18.59,17.1,17.99,16.96,1.03,6.07,87078.32,154860.9398
1512,000736.SZ,20161018,16.75,17.04,16.63,16.96,16.8,0.16,0.95,24020.02,40431.9719
1513,000736.SZ,20161017,17.35,17.7,16.71,16.8,17.15,-0.35,-2.04,42913.1,74028.566
1514,000736.SZ,20161014,16.88,17.58,16.82,17.15,17.08,0.07,0.41,34084.68,58653.532
1515,000736.SZ,20161013,16.76,17.18,16.75,17.08,16.74,0.34,2.03,28828.28,48956.7734
1516,000736.SZ,20161012,16.47,16.78,16.3,16.74,16.56,0.18,1.09,28028.52,46602.744
1517,000736.SZ,20161011,16.23,16.65,16.1,16.56,16.2,0.36,2.22,42006.16,69240.9049
1518,000736.SZ,20161010,16.51,16.7,15.65,16.2,16.93,-0.73,-4.31,51945.79,83287.3236
1519,000736.SZ,20160930,16.78,17.16,16.7,16.93,16.83,0.1,0.59,18903.0,32112.426
1520,000736.SZ,20160929,16.85,17.08,16.55,16.83,16.84,-0.01,-0.06,27808.29,46860.748
1521,000736.SZ,20160928,17.04,17.2,16.72,16.84,17.1,-0.26,-1.52,26630.92,45012.5959
1522,000736.SZ,20160927,16.71,17.39,16.5,17.1,16.7,0.4,2.4,48739.77,82957.4763
1523,000736.SZ,20160926,17.55,17.64,16.62,16.7,17.7,-1.0,-5.65,43586.4,74527.9943
1524,000736.SZ,20160923,18.34,18.38,17.7,17.7,18.57,-0.87,-4.69,62814.39,112925.2116
1525,000736.SZ,20160922,17.81,18.89,17.62,18.57,17.61,0.96,5.45,115988.75,214004.1413
1526,000736.SZ,20160921,17.55,17.98,17.42,17.61,17.62,-0.01,-0.06,52919.46,93787.4059
1527,000736.SZ,20160920,17.22,17.72,17.17,17.62,17.3,0.32,1.85,45180.2,79059.8684
1528,000736.SZ,20160919,17.25,17.44,17.2,17.3,17.19,0.11,0.64,22313.01,38630.16
1529,000736.SZ,20160914,17.11,17.47,17.06,17.19,17.23,-0.04,-0.23,28126.86,48599.0894
1530,000736.SZ,20160913,17.16,17.44,17.07,17.23,17.15,0.08,0.47,29103.64,50158.5669
1531,000736.SZ,20160912,17.5,17.53,16.9,17.15,17.82,-0.67,-3.76,55970.01,96450.5373
1532,000736.SZ,20160909,18.85,18.87,17.77,17.82,18.86,-1.04,-5.51,72534.26,132577.2131
1533,000736.SZ,20160908,18.73,19.12,18.6,18.86,18.75,0.11,0.59,50589.45,95717.5203
1534,000736.SZ,20160907,18.74,18.99,18.63,18.75,18.66,0.09,0.48,57000.62,107230.4829
1535,000736.SZ,20160906,18.81,18.95,18.21,18.66,18.74,-0.08,-0.43,56232.97,104023.0156
1536,000736.SZ,20160905,18.85,19.06,18.65,18.74,18.72,0.02,0.11,41283.87,77771.846
1537,000736.SZ,20160902,18.65,19.05,18.36,18.72,18.7,0.02,0.11,59743.02,111914.1425
1538,000736.SZ,20160901,19.74,19.8,18.65,18.7,20.12,-1.42,-7.06,130071.92,248344.8192
1539,000736.SZ,20160831,19.1,20.68,19.02,20.12,19.49,0.63,3.23,181231.56,362565.6879
1540,000736.SZ,20160830,19.83,19.94,19.24,19.49,19.74,-0.25,-1.27,71419.7,139718.9105
1541,000736.SZ,20160829,19.42,19.85,19.42,19.74,19.52,0.22,1.13,69277.29,136221.5086
1542,000736.SZ,20160826,20.27,20.29,19.36,19.52,20.02,-0.5,-2.5,109007.69,216158.4823
1543,000736.SZ,20160825,20.5,20.5,19.81,20.02,21.15,-1.13,-5.34,140492.64,282972.1489
1544,000736.SZ,20160824,20.65,21.4,20.0,21.15,21.4,-0.25,-1.17,244337.12,500181.516
1545,000736.SZ,20160823,22.45,22.78,21.15,21.4,23.5,-2.1,-8.94,336245.39,721987.2654
1546,000736.SZ,20160822,22.7,24.49,20.9,23.5,22.45,1.05,4.68,400943.41,916606.7001
1547,000736.SZ,20160819,20.57,22.45,20.37,22.45,20.41,2.04,10.0,178842.98,390585.313
1548,000736.SZ,20160818,18.35,20.41,18.17,20.41,18.55,1.86,10.03,239221.7,465870.0374
1549,000736.SZ,20160817,16.77,18.55,16.62,18.55,16.86,1.69,10.02,200045.16,362966.3666
1550,000736.SZ,20160816,17.1,17.31,16.86,16.86,17.3,-0.44,-2.54,59962.09,101818.4
1551,000736.SZ,20160815,16.81,17.9,16.8,17.3,16.93,0.37,2.19,86280.87,149867.4607
1552,000736.SZ,20160812,16.51,17.0,16.12,16.93,16.51,0.42,2.54,47720.61,79503.1464
1553,000736.SZ,20160811,16.7,16.99,16.4,16.51,16.82,-0.31,-1.84,29637.48,49671.7781
1554,000736.SZ,20160810,16.35,16.97,16.29,16.82,16.37,0.45,2.75,42252.78,70504.2605
1555,000736.SZ,20160809,16.61,16.61,16.16,16.37,16.51,-0.14,-0.85,28284.87,46255.5685
1556,000736.SZ,20160808,16.22,16.86,15.6,16.51,16.51,0.0,0.0,45810.68,74508.7167
1557,000736.SZ,20160805,16.5,17.79,16.13,16.51,16.95,-0.44,-2.6,63566.27,107529.0361
1558,000736.SZ,20160725,16.57,17.14,16.56,16.95,16.7,0.25,1.5,15399.83,25981.1842
1559,000736.SZ,20160722,17.04,17.07,16.56,16.7,17.08,-0.38,-2.22,68898.12,115381.5757
1560,000736.SZ,20160721,17.21,17.49,17.07,17.08,17.19,-0.11,-0.64,58797.55,101488.8166
1561,000736.SZ,20160720,16.92,17.53,16.75,17.19,16.98,0.21,1.24,58831.47,100662.0157
1562,000736.SZ,20160719,16.92,17.28,16.52,16.98,17.1,-0.12,-0.7,62558.27,106174.0995
1563,000736.SZ,20160718,17.5,17.97,16.72,17.1,18.06,-0.96,-5.32,163586.76,282683.6615
1564,000736.SZ,20160715,17.67,18.35,17.08,18.06,18.06,0.0,0.0,227758.09,408833.0333
1565,000736.SZ,20160714,16.62,18.27,16.35,18.06,16.62,1.44,8.66,195604.57,340753.5505
1566,000736.SZ,20160713,16.11,17.36,16.11,16.62,16.53,0.09,0.54,170195.21,284444.6244
1567,000736.SZ,20160712,15.04,16.53,15.04,16.53,15.03,1.5,9.98,161485.15,257204.5549
1568,000736.SZ,20160711,14.6,15.08,14.59,15.03,14.6,0.43,2.95,83378.82,124364.5642
1569,000736.SZ,20160708,14.24,14.79,14.15,14.6,14.3,0.3,2.1,65696.25,95654.6902
1570,000736.SZ,20160707,14.55,14.6,14.1,14.3,14.46,-0.16,-1.11,51053.23,72809.9467
1571,000736.SZ,20160706,14.49,14.79,14.43,14.46,14.45,0.01,0.07,42945.02,62456.7247
1572,000736.SZ,20160705,14.58,14.63,14.24,14.45,14.57,-0.12,-0.82,53969.35,78074.6427
1573,000736.SZ,20160704,14.49,14.77,14.41,14.57,14.58,-0.01,-0.07,46548.48,67897.8782
1574,000736.SZ,20160701,14.51,14.78,14.31,14.58,14.59,-0.01,-0.07,57469.85,83743.6748
1575,000736.SZ,20160630,15.0,15.03,14.55,14.59,15.3,-0.71,-4.64,95055.48,140317.0932
1576,000736.SZ,20160629,16.22,16.22,15.0,15.3,16.22,-0.92,-5.67,177046.95,269793.6666
1577,000736.SZ,20160628,15.94,16.58,15.42,16.22,15.55,0.67,4.31,172307.32,271843.0508
1578,000736.SZ,20160627,14.0,15.55,13.88,15.55,14.14,1.41,9.97,66269.71,99281.0005
1579,000736.SZ,20160624,13.94,14.48,13.78,14.14,14.05,0.09,0.64,52509.58,74155.12
1580,000736.SZ,20160623,13.47,14.55,13.35,14.05,13.55,0.5,3.69,68937.13,95880.3674
1581,000736.SZ,20160622,13.0,13.6,12.65,13.55,12.87,0.68,5.28,40113.25,53049.7139
1582,000736.SZ,20160621,13.5,13.5,12.67,12.87,13.24,-0.37,-2.79,20642.95,27160.1062
1583,000736.SZ,20160620,13.4,13.58,13.09,13.24,13.44,-0.2,-1.49,22861.75,30369.8567
1584,000736.SZ,20160617,13.2,13.8,13.03,13.44,13.25,0.19,1.43,64795.83,87558.4243
1585,000736.SZ,20160616,12.5,13.96,12.48,13.25,13.13,0.12,0.91,95077.96,126685.7074
1586,000736.SZ,20160615,12.05,13.41,11.81,13.13,12.61,0.52,4.12,61545.82,77744.1385
1587,000736.SZ,20160614,12.61,13.3,12.61,12.61,14.01,-1.4,-9.99,63787.03,81057.6808
1588,000736.SZ,20160219,14.1,14.18,13.88,14.03,14.01,0.02,0.14,19132.96,26799.927
1589,000736.SZ,20160218,13.97,14.18,13.79,14.01,13.78,0.23,1.67,30182.62,42184.0592
1590,000736.SZ,20160217,13.5,13.94,13.5,13.78,13.51,0.27,2.0,20886.97,28788.0596
1591,000736.SZ,20160216,13.13,13.68,12.94,13.51,12.9,0.61,4.73,16618.65,22101.153
1592,000736.SZ,20160215,12.98,13.06,12.52,12.9,13.3,-0.4,-3.01,13021.77,16706.2566
1593,000736.SZ,20160205,13.7,13.73,13.1,13.3,13.71,-0.41,-2.99,13004.82,17508.4713
1594,000736.SZ,20160204,13.54,13.86,13.42,13.71,13.79,-0.08,-0.58,26821.49,36663.3041
1595,000736.SZ,20160203,13.29,14.3,13.0,13.79,13.1,0.69,5.27,28579.94,39539.8264
1596,000736.SZ,20160202,13.0,13.1,12.44,13.1,12.69,0.41,3.23,14059.81,18225.0821
1597,000736.SZ,20160201,12.5,12.88,12.41,12.69,12.73,-0.04,-0.31,12263.99,15520.6896
1598,000736.SZ,20160129,12.24,13.13,11.95,12.73,12.2,0.53,4.34,21249.72,26533.613
1599,000736.SZ,20160128,12.5,12.7,12.0,12.2,12.59,-0.39,-3.1,11637.94,14398.7496
1600,000736.SZ,20160127,12.77,13.33,11.9,12.59,12.77,-0.18,-1.41,17521.32,21898.8505
1601,000736.SZ,20160126,13.87,14.3,12.68,12.77,14.08,-1.31,-9.3,21051.68,29020.9599
1602,000736.SZ,20160125,13.8,14.19,13.63,14.08,13.72,0.36,2.62,16935.68,23704.2822
1603,000736.SZ,20160122,13.88,13.98,13.31,13.72,13.5,0.22,1.63,13032.95,17759.9212
1604,000736.SZ,20160121,13.74,14.16,13.48,13.5,14.09,-0.59,-4.19,19547.77,26945.328
1605,000736.SZ,20160120,13.92,14.68,13.78,14.09,14.0,0.09,0.64,29575.77,42118.7314
1606,000736.SZ,20160119,13.48,14.05,13.28,14.0,13.48,0.52,3.86,24549.32,33778.6399
1607,000736.SZ,20160118,13.2,13.8,12.96,13.48,13.5,-0.02,-0.15,21826.13,29454.0941
1608,000736.SZ,20160115,14.06,14.28,13.4,13.5,14.21,-0.71,-5.0,14749.61,20318.4345
1609,000736.SZ,20160114,13.65,14.43,13.35,14.21,14.04,0.17,1.21,24974.53,34560.6736
1610,000736.SZ,20160113,14.9,15.3,13.61,14.04,14.9,-0.86,-5.77,34197.77,48674.2202
1611,000736.SZ,20160112,15.73,15.73,14.53,14.9,15.83,-0.93,-5.87,26719.23,40501.5292
1612,000736.SZ,20160111,16.8,16.98,15.83,15.83,17.59,-1.76,-10.01,34043.07,55633.2797
1613,000736.SZ,20160108,17.52,18.55,16.6,17.59,17.5,0.09,0.51,89282.31,154752.3498
1614,000736.SZ,20160107,19.35,19.35,17.48,17.5,19.4,-1.9,-9.79,16820.0,31134.154
1615,000736.SZ,20160106,17.6,19.45,17.01,19.4,17.68,1.72,9.73,78031.49,146407.8363
1616,000736.SZ,20160105,16.01,17.7,15.08,17.68,16.75,0.93,5.55,52541.5,86233.3466
1617,000736.SZ,20160104,18.48,18.49,16.73,16.75,18.59,-1.84,-9.9,41670.46,73245.9372
1618,000736.SZ,20151231,18.82,19.15,18.42,18.59,18.88,-0.29,-1.54,23694.46,44375.3231
1619,000736.SZ,20151230,19.37,19.37,18.35,18.88,18.99,-0.11,-0.58,28897.72,54012.7649
1620,000736.SZ,20151229,18.95,19.0,18.04,18.99,19.3,-0.31,-1.61,39736.57,73336.8406
1621,000736.SZ,20151228,18.99,19.5,18.43,19.3,18.7,0.6,3.21,59442.41,112425.4618
1622,000736.SZ,20151225,17.6,18.93,17.5,18.7,17.6,1.1,6.25,46189.93,84696.8932
1623,000736.SZ,20151224,17.4,18.0,17.2,17.6,17.38,0.22,1.27,19806.58,34881.8159
1624,000736.SZ,20151223,17.97,18.15,17.31,17.38,18.09,-0.71,-3.92,23973.72,42782.2554
1625,000736.SZ,20151222,17.84,18.99,17.84,18.09,17.56,0.53,3.02,40996.7,75150.9519
1626,000736.SZ,20151221,17.5,17.67,17.35,17.56,17.45,0.11,0.63,26939.17,47235.4127
1627,000736.SZ,20151218,17.41,17.57,17.2,17.45,17.48,-0.03,-0.17,23113.2,40026.8447
1628,000736.SZ,20151217,16.99,17.5,16.85,17.48,16.85,0.63,3.74,32141.96,55317.4261
1629,000736.SZ,20151216,16.79,16.97,16.44,16.85,16.78,0.07,0.42,17965.63,30087.4992
1630,000736.SZ,20151215,16.71,17.1,16.5,16.78,16.46,0.32,1.94,15943.91,26808.5931
1631,000736.SZ,20151214,15.81,16.62,15.81,16.46,16.19,0.27,1.67,12216.8,19984.831
1632,000736.SZ,20151211,16.08,16.23,15.56,16.19,16.05,0.14,0.87,16889.75,26748.7466
1633,000736.SZ,20151210,16.18,16.3,15.95,16.05,16.11,-0.06,-0.37,20031.74,32310.0412
1634,000736.SZ,20151209,16.5,16.58,16.0,16.11,16.5,-0.39,-2.36,16712.25,27127.5402
1635,000736.SZ,20151208,16.58,16.88,16.18,16.5,16.8,-0.3,-1.79,20267.47,33393.1597
1636,000736.SZ,20151207,16.74,17.0,16.59,16.8,16.85,-0.05,-0.3,20980.33,35166.3308
1637,000736.SZ,20151204,16.44,16.86,16.41,16.85,16.44,0.41,2.49,25082.7,41778.4957
1638,000736.SZ,20151203,16.38,16.68,16.32,16.44,16.35,0.09,0.55,20521.88,33852.396
1639,000736.SZ,20151202,16.38,16.39,15.66,16.35,16.47,-0.12,-0.73,24924.0,40152.9713
1640,000736.SZ,20151201,15.83,17.0,15.45,16.47,15.78,0.69,4.37,49620.11,79638.9232
1641,000736.SZ,20151130,16.12,16.58,14.8,15.78,16.34,-0.56,-3.43,40297.94,63167.9939
1642,000736.SZ,20151127,17.87,17.96,16.34,16.34,18.15,-1.81,-9.97,43687.9,75045.1792
1643,000736.SZ,20151126,18.55,19.0,18.1,18.15,18.51,-0.36,-1.94,33676.76,62499.2265
1644,000736.SZ,20151125,18.37,18.68,18.19,18.51,18.6,-0.09,-0.48,32181.44,59164.902
1645,000736.SZ,20151124,19.0,19.0,18.25,18.6,19.09,-0.49,-2.57,37308.57,69320.7474
1646,000736.SZ,20151123,18.0,19.3,17.81,19.09,18.17,0.92,5.06,60691.65,114005.8321
1647,000736.SZ,20151120,18.07,18.64,18.01,18.17,18.32,-0.15,-0.82,33105.88,60335.35
1648,000736.SZ,20151119,18.5,18.72,17.8,18.32,18.48,-0.16,-0.87,40390.65,73432.5136
1649,000736.SZ,20151118,18.28,19.35,18.24,18.48,18.2,0.28,1.54,72658.15,136524.4916
1650,000736.SZ,20151117,18.07,18.58,17.5,18.2,18.0,0.2,1.11,35197.75,64025.9433
1651,000736.SZ,20151116,17.5,18.18,17.1,18.0,18.28,-0.28,-1.53,32481.54,57764.9589
1652,000736.SZ,20151113,18.17,19.21,18.05,18.28,17.91,0.37,2.07,71775.88,132640.4734
1653,000736.SZ,20151112,18.05,18.3,17.63,17.91,18.15,-0.24,-1.32,41100.33,73249.8485
1654,000736.SZ,20151111,17.73,18.5,17.67,18.15,17.74,0.41,2.31,47939.57,87080.0183
1655,000736.SZ,20151110,17.86,17.98,17.35,17.74,17.82,-0.08,-0.45,41873.92,73860.969
1656,000736.SZ,20151109,17.98,18.25,17.4,17.82,17.89,-0.07,-0.39,52409.17,93440.5254
1657,000736.SZ,20151106,17.22,18.05,17.22,17.89,17.68,0.21,1.19,53046.7,94002.3651
1658,000736.SZ,20151105,18.04,18.49,17.6,17.68,18.26,-0.58,-3.18,61911.94,110939.7614
1659,000736.SZ,20151104,17.72,18.69,17.6,18.26,17.67,0.59,3.34,66813.17,120928.8278
1660,000736.SZ,20151103,17.7,18.68,17.17,17.67,17.9,-0.23,-1.28,90433.64,161840.719
1661,000736.SZ,20151102,15.62,17.97,15.62,17.9,16.6,1.3,7.83,89772.47,150247.6418
1662,000736.SZ,20151030,17.4,18.23,16.59,16.6,16.67,-0.07,-0.42,114827.11,199561.9305
1663,000736.SZ,20151029,15.06,16.67,15.06,16.67,15.15,1.52,10.03,43223.68,70844.4231
1664,000736.SZ,20151028,16.0,16.02,15.1,15.15,16.06,-0.91,-5.67,36484.35,57083.516
1665,000736.SZ,20151027,15.55,16.11,14.8,16.06,15.9,0.16,1.01,57927.25,89339.615
1666,000736.SZ,20151026,16.87,17.17,15.75,15.9,16.34,-0.44,-2.69,90427.32,148185.5328
1667,000736.SZ,20151023,14.74,16.34,14.61,16.34,14.85,1.49,10.03,87246.54,137788.0293
1668,000736.SZ,20151022,14.01,14.97,14.01,14.85,14.54,0.31,2.13,55999.44,81318.9282
1669,000736.SZ,20151021,16.49,16.96,14.54,14.54,16.16,-1.62,-10.02,95711.16,151444.4812
1670,000736.SZ,20151020,14.57,16.16,14.51,16.16,14.69,1.47,10.01,68038.3,106897.5236
1671,000736.SZ,20151019,15.0,15.19,14.34,14.69,15.22,-0.53,-3.48,51253.99,75668.0195
1672,000736.SZ,20151016,15.51,15.75,14.96,15.22,15.37,-0.15,-0.98,48066.0,73385.2601
1673,000736.SZ,20151015,15.09,15.48,14.7,15.37,15.16,0.21,1.39,52404.04,79151.824
1674,000736.SZ,20151014,14.71,15.5,14.71,15.16,14.75,0.41,2.78,55429.54,84108.0111
1675,000736.SZ,20151013,14.67,14.97,14.51,14.75,14.89,-0.14,-0.94,38503.98,56747.4178
1676,000736.SZ,20151012,14.1,15.0,13.9,14.89,14.06,0.83,5.9,53255.02,77320.0248
1677,000736.SZ,20151009,14.08,14.16,13.85,14.06,14.02,0.04,0.29,25053.29,35069.3611
1678,000736.SZ,20151008,13.99,14.24,13.85,14.02,13.64,0.38,2.79,35717.97,50012.637
1679,000736.SZ,20150930,13.86,13.94,13.47,13.64,13.55,0.09,0.66,13129.71,17882.6823
1680,000736.SZ,20150929,13.81,13.97,13.45,13.55,14.15,-0.6,-4.24,21555.04,29481.6726
1681,000736.SZ,20150928,14.75,14.75,13.62,14.15,14.62,-0.47,-3.21,30868.3,43380.1923
1682,000736.SZ,20150925,14.49,15.0,14.02,14.62,14.25,0.37,2.6,51105.49,74878.9919
1683,000736.SZ,20150924,13.5,14.25,13.5,14.25,13.51,0.74,5.48,32451.63,45440.0319
1684,000736.SZ,20150923,13.61,13.9,13.4,13.51,14.01,-0.5,-3.57,24767.7,33703.7059
1685,000736.SZ,20150922,14.0,14.5,13.69,14.01,14.08,-0.07,-0.5,30677.19,43397.9066
1686,000736.SZ,20150921,13.3,14.28,13.21,14.08,13.76,0.32,2.33,31866.46,44469.9587
1687,000736.SZ,20150918,14.0,14.28,13.51,13.76,14.03,-0.27,-1.92,39585.41,54860.1165
1688,000736.SZ,20150917,14.59,15.58,14.0,14.03,14.9,-0.87,-5.84,66563.68,98399.041
1689,000736.SZ,20150916,13.55,15.13,13.0,14.9,13.75,1.15,8.36,68141.13,95440.2361
1690,000736.SZ,20150915,14.25,14.68,13.75,13.75,15.28,-1.53,-10.01,42032.61,59058.1182
1691,000736.SZ,20150914,17.15,17.28,15.28,15.28,16.98,-1.7,-10.01,67223.92,109191.3647
1692,000736.SZ,20150911,16.03,16.99,15.4,16.98,16.32,0.66,4.04,79943.62,129477.8555
1693,000736.SZ,20150910,16.0,17.3,15.0,16.32,16.02,0.3,1.87,95574.33,157171.3879
1694,000736.SZ,20150909,14.72,16.02,14.35,16.02,14.56,1.46,10.03,79430.03,122387.8684
1695,000736.SZ,20150908,13.8,14.8,12.81,14.56,14.05,0.51,3.63,64761.78,88439.6402
1696,000736.SZ,20150907,14.66,15.58,13.9,14.05,14.63,-0.58,-3.96,70492.26,103807.5671
1697,000736.SZ,20150902,14.8,16.99,14.21,14.63,15.79,-1.16,-7.35,119532.12,184785.2225
1698,000736.SZ,20150901,14.38,15.79,14.38,15.79,14.35,1.44,10.03,122877.91,189549.622
1699,000736.SZ,20150831,14.0,15.0,13.93,14.35,13.75,0.6,4.36,83602.6,121844.3151
1700,000736.SZ,20150828,12.66,13.75,12.64,13.75,12.5,1.25,10.0,61354.53,81218.3016
1701,000736.SZ,20150827,12.0,12.56,11.21,12.5,11.61,0.89,7.67,53153.48,63714.7582
1702,000736.SZ,20150826,12.68,13.3,11.5,11.61,12.68,-1.07,-8.44,65526.7,81736.4537
1703,000736.SZ,20150825,12.68,13.35,12.68,12.68,14.09,-1.41,-10.01,47568.61,60735.0782
1704,000736.SZ,20150824,14.11,15.0,14.09,14.09,15.66,-1.57,-10.03,25615.0,36235.64
1705,000736.SZ,20150821,16.1,16.95,15.66,15.66,17.4,-1.74,-10.0,69526.96,112232.2827
1706,000736.SZ,20150820,18.54,19.8,17.4,17.4,18.07,-0.67,-3.71,143620.66,266589.2107
1707,000736.SZ,20150819,14.88,18.07,14.88,18.07,16.43,1.64,9.98,119668.88,194834.7354
1708,000736.SZ,20150818,17.89,17.89,15.4,16.43,16.26,0.17,1.05,176048.76,302708.4311
1709,000736.SZ,20150817,15.73,16.26,15.55,16.26,14.78,1.48,10.01,21610.53,34590.8195
1710,000736.SZ,20150814,13.5,14.78,13.5,14.78,13.44,1.34,9.97,48714.97,70026.9458
1711,000736.SZ,20150813,12.7,13.59,12.6,13.44,12.84,0.6,4.67,67005.37,88535.6026
1712,000736.SZ,20150812,12.7,13.15,12.48,12.84,12.95,-0.11,-0.85,48563.95,62727.7002
1713,000736.SZ,20150811,12.8,13.57,12.71,12.95,12.95,0.0,0.0,83411.29,109031.541
1714,000736.SZ,20150810,12.18,12.98,12.0,12.95,11.84,1.11,9.38,95554.92,121004.7008
1715,000736.SZ,20150807,10.74,11.84,10.74,11.84,10.76,1.08,10.04,52177.39,59399.2009
1716,000736.SZ,20150806,10.6,10.93,10.44,10.76,10.9,-0.14,-1.28,24300.93,26013.8418
1717,000736.SZ,20150805,10.97,11.27,10.7,10.9,10.97,-0.07,-0.64,33074.13,36402.8765
1718,000736.SZ,20150804,10.39,11.02,10.24,10.97,10.3,0.67,6.5,35932.91,38252.8725
1719,000736.SZ,20150803,11.2,11.28,10.16,10.3,11.29,-0.99,-8.77,35346.78,37284.3479
1720,000736.SZ,20150731,11.01,11.6,11.0,11.29,11.19,0.1,0.89,31213.11,35248.4569
1721,000736.SZ,20150730,11.45,11.95,11.16,11.19,11.4,-0.21,-1.84,44131.08,51207.5015
1722,000736.SZ,20150729,10.78,11.45,10.4,11.4,10.65,0.75,7.04,49869.97,54369.3674
1723,000736.SZ,20150728,10.35,11.88,10.0,10.65,11.08,-0.43,-3.88,57404.9,60746.4392
1724,000736.SZ,20150727,12.0,12.9,11.08,11.08,12.31,-1.23,-9.99,61705.82,74987.8421
1725,000736.SZ,20150724,12.35,13.2,12.22,12.31,12.4,-0.09,-0.73,84349.35,106486.0755
1726,000736.SZ,20150723,12.0,12.43,12.0,12.4,11.78,0.62,5.26,76617.53,93635.9569
1727,000736.SZ,20150722,11.53,11.87,11.17,11.78,11.65,0.13,1.12,58932.89,68186.761
1728,000736.SZ,20150721,11.1,11.8,10.7,11.65,11.22,0.43,3.83,61303.14,69884.4485
1729,000736.SZ,20150720,11.03,11.48,10.8,11.22,11.03,0.19,1.72,58357.04,65274.4153
1730,000736.SZ,20150717,10.42,11.29,10.42,11.03,10.52,0.51,4.85,54940.99,60132.6407
1731,000736.SZ,20150716,9.53,11.02,9.52,10.52,10.58,-0.06,-0.57,55640.04,57557.021
1732,000736.SZ,20150715,11.2,11.35,10.58,10.58,11.76,-1.18,-10.03,61503.0,66536.8159
1733,000736.SZ,20150714,11.13,12.08,11.1,11.76,10.99,0.77,7.01,91023.1,105711.6285
1734,000736.SZ,20150713,10.55,10.99,10.5,10.99,9.99,1.0,10.01,78576.94,85406.3664
1735,000736.SZ,20150710,9.5,9.99,9.18,9.99,9.08,0.91,10.02,40428.16,39640.7648
1736,000736.SZ,20150709,7.43,9.08,7.43,9.08,8.25,0.83,10.06,94140.27,76080.2873
1737,000736.SZ,20150708,8.25,8.25,8.25,8.25,9.17,-0.92,-10.03,6948.0,5732.1
1738,000736.SZ,20150707,9.4,9.47,9.17,9.17,10.19,-1.02,-10.01,25171.03,23185.9134
1739,000736.SZ,20150706,12.25,12.25,10.19,10.19,11.32,-1.13,-9.98,62849.5,68429.3238
1740,000736.SZ,20150703,11.69,12.54,11.32,11.32,12.58,-1.26,-10.02,39404.98,45284.7236
1741,000736.SZ,20150702,14.85,14.85,12.58,12.58,13.98,-1.4,-10.01,46499.55,62824.9733
1742,000736.SZ,20150701,15.3,15.79,13.98,13.98,15.53,-1.55,-9.98,50496.45,76209.3433
1743,000736.SZ,20150630,14.19,15.58,13.19,15.53,14.66,0.87,5.93,52062.26,74248.6342
1744,000736.SZ,20150629,16.94,16.94,14.54,14.66,16.15,-1.49,-9.23,51272.7,78845.9368
1745,000736.SZ,20150626,17.5,17.5,16.15,16.15,17.94,-1.79,-9.98,43849.47,73651.361
1746,000736.SZ,20150625,18.4,19.2,17.5,17.94,18.53,-0.59,-3.18,52159.96,97123.3558
1747,000736.SZ,20150624,18.1,18.61,17.91,18.53,18.02,0.51,2.83,35387.39,64835.6581
1748,000736.SZ,20150623,17.62,18.04,16.8,18.02,17.53,0.49,2.8,39294.14,68876.5702
1749,000736.SZ,20150619,18.9,18.9,17.21,17.53,19.1,-1.57,-8.22,31222.66,56266.295
1750,000736.SZ,20150618,19.0,19.82,18.85,19.1,19.21,-0.11,-0.57,50502.78,98377.8183
1751,000736.SZ,20150617,18.89,19.49,17.5,19.21,18.92,0.29,1.53,51704.41,95673.7316
1752,000736.SZ,20150616,20.01,20.12,18.38,18.92,20.14,-1.22,-6.06,46393.51,89982.0834
1753,000736.SZ,20150615,21.25,21.48,20.03,20.14,21.18,-1.04,-4.91,57311.57,118805.3934
1754,000736.SZ,20150612,21.62,21.85,20.87,21.18,21.67,-0.49,-2.26,92736.09,198096.1945
1755,000736.SZ,20150611,20.92,21.79,20.62,21.67,20.89,0.78,3.73,84467.9,179078.8932
1756,000736.SZ,20150610,20.56,21.2,20.27,20.89,20.69,0.2,0.97,74670.35,155624.4922
1757,000736.SZ,20150609,20.68,21.08,20.0,20.69,21.43,-0.74,-3.45,97837.16,201873.6919
1758,000736.SZ,20150608,19.6,21.47,19.58,21.43,19.52,1.91,9.78,191284.62,398583.4573
1759,000736.SZ,20150605,19.09,19.9,19.08,19.52,19.02,0.5,2.63,85177.88,166192.525
1760,000736.SZ,20150604,19.88,19.95,18.2,19.02,19.88,-0.86,-4.33,68160.47,129487.4021
1761,000736.SZ,20150603,19.75,20.37,19.36,19.88,19.83,0.05,0.25,86039.64,170028.4698
1762,000736.SZ,20150602,19.43,19.99,19.02,19.83,19.68,0.15,0.76,116266.3,226840.9377
1763,000736.SZ,20150601,18.75,20.02,18.73,19.68,19.15,0.53,2.77,114444.79,220960.3185
1764,000736.SZ,20150529,19.5,19.87,18.35,19.15,20.39,-1.24,-6.08,141551.32,267533.9464
1765,000736.SZ,20150528,22.65,22.65,20.39,20.39,22.66,-2.27,-10.02,174105.9,368605.1766
1766,000736.SZ,20150527,22.66,22.66,21.66,22.66,20.6,2.06,10.0,44509.88,100505.4908
1767,000736.SZ,20150526,18.77,20.6,18.1,20.6,18.73,1.87,9.98,85716.85,164883.6383
1768,000736.SZ,20150525,17.85,18.87,17.35,18.73,18.11,0.62,3.42,86937.55,159283.1195
1769,000736.SZ,20150522,17.3,18.93,17.3,18.11,17.3,0.81,4.68,72162.2,131462.1963
1770,000736.SZ,20150521,17.11,17.38,16.82,17.3,17.1,0.2,1.17,62408.33,107249.5682
1771,000736.SZ,20150520,17.02,18.01,16.8,17.1,16.4,0.7,4.27,106657.34,183802.9182
1772,000736.SZ,20150519,15.2,16.4,15.2,16.4,14.91,1.49,9.99,52024.68,82928.2353
1773,000736.SZ,20150518,14.91,14.99,14.53,14.91,14.91,0.0,0.0,30133.2,44614.7077
1774,000736.SZ,20150515,15.51,15.52,14.6,14.91,15.46,-0.55,-3.56,38818.91,57817.7571
1775,000736.SZ,20150514,15.35,15.73,15.31,15.48,15.26,0.22,1.44,44920.3,69505.7197
1776,000736.SZ,20150513,15.35,15.35,14.98,15.26,15.42,-0.16,-1.04,57073.48,86407.6587
1777,000736.SZ,20150512,15.33,15.43,14.77,15.42,15.33,0.09,0.59,36407.05,55032.8931
1778,000736.SZ,20150511,15.13,15.46,15.13,15.33,14.75,0.58,3.93,32430.29,49620.6636
1779,000736.SZ,20150508,14.31,14.84,14.31,14.75,14.27,0.48,3.36,29132.42,42636.5015
1780,000736.SZ,20150507,15.3,15.3,14.16,14.27,15.34,-1.07,-6.98,38524.97,56129.0184
1781,000736.SZ,20150506,16.24,16.43,15.22,15.34,16.18,-0.84,-5.19,38900.82,61641.8632
1782,000736.SZ,20150505,16.9,17.12,16.08,16.18,16.99,-0.81,-4.77,39192.01,64957.9199
1783,000736.SZ,20150504,16.69,17.35,16.17,16.99,16.69,0.3,1.8,49418.09,83318.6718
1784,000736.SZ,20150430,16.49,17.41,16.11,16.69,16.49,0.2,1.21,39251.0,65574.7024
1785,000736.SZ,20150429,16.25,16.69,15.58,16.49,16.25,0.24,1.48,31479.44,51091.5576
1786,000736.SZ,20150428,16.85,17.0,15.81,16.25,16.85,-0.6,-3.56,37374.69,61158.4149
1787,000736.SZ,20150427,16.41,17.55,16.41,16.85,16.41,0.44,2.68,65226.06,110686.4297
1788,000736.SZ,20150424,15.65,17.08,15.35,16.41,15.9,0.51,3.21,70908.45,116647.0467
1789,000736.SZ,20150423,15.95,16.12,15.51,15.9,15.97,-0.07,-0.44,47254.04,74710.9369
1790,000736.SZ,20150422,14.62,16.09,14.61,15.97,14.76,1.21,8.2,77350.08,119599.6177
1791,000736.SZ,20150421,14.22,14.76,14.01,14.76,14.32,0.44,3.07,41215.86,59290.2443
1792,000736.SZ,20150420,14.5,14.7,13.98,14.32,14.26,0.06,0.42,57117.83,82401.6683
1793,000736.SZ,20150417,14.35,14.75,14.22,14.26,14.33,-0.07,-0.49,28777.92,41422.7117
1794,000736.SZ,20150416,13.64,14.83,13.6,14.33,14.19,0.14,0.99,31416.08,44765.5973
1795,000736.SZ,20150415,14.57,14.57,13.97,14.19,14.62,-0.43,-2.94,42183.92,60113.3836
1796,000736.SZ,20150414,14.95,15.09,14.62,14.62,14.95,-0.33,-2.21,38796.24,57478.3252
1797,000736.SZ,20150413,14.68,15.18,14.62,14.95,14.82,0.13,0.88,65890.96,98090.9048
1798,000736.SZ,20150410,14.4,15.16,14.1,14.82,14.39,0.43,2.99,92960.06,136991.7363
1799,000736.SZ,20150409,13.93,14.39,13.37,14.39,13.95,0.44,3.15,65672.31,91558.5247
1800,000736.SZ,20150408,14.38,14.4,13.79,13.95,14.38,-0.43,-2.99,43951.31,61669.0535
1801,000736.SZ,20150407,14.27,14.45,14.11,14.38,14.27,0.11,0.77,46362.61,66118.0598
1802,000736.SZ,20150403,14.03,14.47,13.91,14.27,14.19,0.08,0.56,63281.14,90036.1819
1803,000736.SZ,20150402,13.79,14.2,13.66,14.19,13.89,0.3,2.16,48150.89,67344.7168
1804,000736.SZ,20150401,13.74,13.96,13.21,13.89,13.86,0.03,0.22,53292.45,72576.7716
1805,000736.SZ,20150331,14.45,14.95,13.73,13.86,14.06,-0.2,-1.42,101039.2,145222.0854
1806,000736.SZ,20150330,13.45,14.5,13.0,14.06,13.4,0.66,4.93,113206.47,155041.3002
1807,000736.SZ,20150327,12.38,13.4,12.38,13.4,12.28,1.12,9.12,61896.63,79938.2583
1808,000736.SZ,20150326,12.25,12.46,11.95,12.28,12.25,0.03,0.24,28181.49,34502.2124
1809,000736.SZ,20150325,12.12,12.57,11.95,12.25,12.13,0.12,0.99,36294.51,44603.0213
1810,000736.SZ,20150324,12.46,12.46,11.73,12.13,12.49,-0.36,-2.88,49580.84,60143.1518
1811,000736.SZ,20150323,12.19,12.8,12.19,12.49,12.18,0.31,2.55,52772.17,66265.4043
1812,000736.SZ,20150320,11.87,12.39,11.81,12.18,11.87,0.31,2.61,45468.27,55127.4558
1813,000736.SZ,20150319,11.84,11.91,11.67,11.87,11.82,0.05,0.42,38753.79,45647.3996
1814,000736.SZ,20150318,11.77,11.96,11.65,11.82,11.83,-0.01,-0.08,46143.09,54398.9207
1815,000736.SZ,20150317,11.53,11.95,11.38,11.83,11.45,0.38,3.32,43891.35,50831.556
1816,000736.SZ,20150316,11.15,11.66,11.1,11.45,11.15,0.3,2.69,53223.38,60540.8441
1817,000736.SZ,20150313,11.11,11.23,10.9,11.15,11.15,0.0,0.0,31931.56,35299.1838
1818,000736.SZ,20150312,10.95,11.35,10.82,11.15,10.99,0.16,1.46,41786.83,46533.3132
1819,000736.SZ,20150311,11.2,11.2,10.84,10.99,11.33,-0.34,-3.0,54526.73,59692.4331
1820,000736.SZ,20150310,11.4,11.5,11.23,11.33,11.52,-0.19,-1.65,37412.65,42483.6099
1821,000736.SZ,20150309,10.93,11.57,10.8,11.52,10.94,0.58,5.3,61414.96,69248.8798
1822,000736.SZ,20150306,10.73,10.94,10.62,10.94,10.75,0.19,1.77,29364.87,31673.9518
1823,000736.SZ,20150305,10.7,10.76,10.51,10.75,10.7,0.05,0.47,21610.78,22972.763
1824,000736.SZ,20150304,10.5,10.71,10.43,10.7,10.55,0.15,1.42,24191.33,25710.8023
1825,000736.SZ,20150303,10.91,10.92,10.51,10.55,10.96,-0.41,-3.74,41492.71,44154.505
1826,000736.SZ,20150302,11.06,11.13,10.9,10.96,10.85,0.11,1.01,32908.63,36193.5329
1827,000736.SZ,20150227,10.9,10.93,10.78,10.85,10.93,-0.08,-0.73,25107.09,27251.3011
1828,000736.SZ,20150226,10.74,10.97,10.68,10.93,10.74,0.19,1.77,21585.11,23367.303
1829,000736.SZ,20150225,10.88,10.88,10.63,10.74,10.9,-0.16,-1.47,14534.71,15601.6307
1830,000736.SZ,20150217,10.86,10.95,10.8,10.9,10.89,0.01,0.09,17324.98,18892.2089
1831,000736.SZ,20150216,10.62,10.97,10.57,10.89,10.62,0.27,2.54,28495.46,30693.3489
1832,000736.SZ,20150213,10.5,10.75,10.45,10.62,10.49,0.13,1.24,21594.98,22953.5213
1833,000736.SZ,20150212,10.43,10.55,10.28,10.49,10.5,-0.01,-0.1,14728.52,15342.5596
1834,000736.SZ,20150211,10.15,10.5,10.07,10.5,10.19,0.31,3.04,21831.28,22290.6373
1835,000736.SZ,20150210,10.08,10.3,10.0,10.19,10.04,0.15,1.49,20804.98,21164.8729
1836,000736.SZ,20150209,10.08,10.21,9.91,10.04,10.08,-0.04,-0.4,17896.24,17962.7676
1837,000736.SZ,20150206,10.41,10.53,9.99,10.08,10.61,-0.53,-5.0,39598.19,40377.1254
1838,000736.SZ,20150205,11.0,11.29,10.59,10.61,10.75,-0.14,-1.3,77703.08,85744.1473
1839,000736.SZ,20150204,10.58,10.91,10.53,10.75,10.62,0.13,1.22,41762.05,44801.5341
1840,000736.SZ,20150203,10.61,10.89,10.44,10.62,10.73,-0.11,-1.03,55592.08,59035.9172
1841,000736.SZ,20150202,11.11,11.13,10.5,10.73,11.31,-0.58,-5.13,96521.92,105005.9155
1842,000736.SZ,20150130,10.49,11.48,10.27,11.31,10.44,0.87,8.33,142147.8,158719.6801
1843,000736.SZ,20150129,10.12,10.64,9.88,10.44,10.27,0.17,1.66,62654.09,65207.7573
1844,000736.SZ,20150128,9.99,10.27,9.86,10.27,9.99,0.28,2.8,27801.9,27939.4655
1845,000736.SZ,20150127,10.13,10.29,9.8,9.99,10.14,-0.15,-1.48,36534.87,36695.6557
1846,000736.SZ,20150126,9.94,10.15,9.88,10.14,9.9,0.24,2.42,37318.71,37395.4763
1847,000736.SZ,20150123,9.99,10.05,9.83,9.9,9.9,0.0,0.0,25658.69,25456.9173
1848,000736.SZ,20150122,9.84,10.0,9.78,9.9,9.85,0.05,0.51,26991.88,26698.0253
1849,000736.SZ,20150121,9.5,9.99,9.5,9.85,9.58,0.27,2.82,23858.21,23403.2381
1850,000736.SZ,20150120,9.23,9.59,9.23,9.58,9.23,0.35,3.79,21698.42,20533.1756
1851,000736.SZ,20150119,9.6,9.81,9.15,9.23,9.9,-0.67,-6.77,29523.52,28126.2617
1852,000736.SZ,20150116,10.0,10.2,9.8,9.9,9.85,0.05,0.51,21357.73,21201.7606
1853,000736.SZ,20150115,9.66,9.85,9.54,9.85,9.65,0.2,2.07,20186.73,19579.3893
1854,000736.SZ,20150114,9.66,9.83,9.62,9.65,9.66,-0.01,-0.1,12751.8,12360.9022
1855,000736.SZ,20150113,9.58,9.78,9.5,9.66,9.58,0.08,0.84,10408.59,10073.0823
1856,000736.SZ,20150112,9.88,9.88,9.5,9.58,9.94,-0.36,-3.62,19901.07,19164.1251
1857,000736.SZ,20150109,10.16,10.16,9.93,9.94,9.92,0.02,0.2,28552.83,28705.5318
1858,000736.SZ,20150108,10.12,10.37,9.85,9.92,10.12,-0.2,-1.98,38254.56,38217.7277
1859,000736.SZ,20150107,10.14,10.2,9.94,10.12,10.12,0.0,0.0,37212.27,37447.856
1860,000736.SZ,20150106,10.64,10.68,9.98,10.12,10.58,-0.46,-4.35,84665.79,86538.5848
1861,000736.SZ,20150105,9.68,10.58,9.59,10.58,9.62,0.96,9.98,138007.75,144501.4367
1862,000736.SZ,20141231,9.41,9.62,9.18,9.62,9.19,0.43,4.68,26040.59,24461.9881
1863,000736.SZ,20141230,9.61,9.7,9.1,9.19,9.61,-0.42,-4.37,29271.82,27330.4411
1864,000736.SZ,20141229,9.76,9.87,9.42,9.61,9.58,0.03,0.31,35190.56,34228.9929
1865,000736.SZ,20141226,9.4,9.65,9.38,9.58,9.45,0.13,1.38,17818.28,17019.8563
1866,000736.SZ,20141225,9.43,9.5,9.25,9.45,9.44,0.01,0.11,15014.26,14119.5596
1867,000736.SZ,20141224,9.19,9.44,9.16,9.44,9.24,0.2,2.16,21391.41,19785.9024
1868,000736.SZ,20141223,9.35,9.58,9.13,9.24,9.51,-0.27,-2.84,27316.48,25425.1071
1869,000736.SZ,20141222,10.25,10.4,9.51,9.51,10.29,-0.78,-7.58,54090.89,53542.858
1870,000736.SZ,20141219,9.76,10.3,9.68,10.29,9.76,0.53,5.43,58607.03,58456.6298
1871,000736.SZ,20141218,10.05,10.05,9.61,9.76,10.0,-0.24,-2.4,32383.51,31801.0059
1872,000736.SZ,20141217,10.17,10.35,9.91,10.0,10.18,-0.18,-1.77,29488.43,29742.1673
1873,000736.SZ,20141216,10.13,10.2,10.0,10.18,10.16,0.02,0.2,26397.36,26684.3188
1874,000736.SZ,20141215,9.88,10.23,9.8,10.16,9.9,0.26,2.63,37057.2,37297.1532
1875,000736.SZ,20141212,9.82,10.12,9.79,9.9,9.85,0.05,0.51,29301.69,29092.1752
1876,000736.SZ,20141211,9.58,9.97,9.51,9.85,9.66,0.19,1.97,39396.41,38600.6432
1877,000736.SZ,20141210,9.41,9.68,9.12,9.66,9.45,0.21,2.22,35650.19,33692.0486
1878,000736.SZ,20141209,10.16,10.2,9.41,9.45,9.84,-0.39,-3.96,65022.89,64679.2693
1879,000736.SZ,20141208,9.69,10.05,9.59,9.84,9.71,0.13,1.34,41102.83,40333.4938
1880,000736.SZ,20141205,10.16,10.3,9.52,9.71,10.27,-0.56,-5.45,52422.08,51631.5632
1881,000736.SZ,20141204,10.11,10.37,10.03,10.27,10.18,0.09,0.88,44790.99,45764.2818
1882,000736.SZ,20141203,10.08,10.8,10.08,10.18,10.05,0.13,1.29,64571.69,66998.275
1883,000736.SZ,20141202,10.02,10.28,9.9,10.05,10.02,0.03,0.3,37104.99,37430.5405
1884,000736.SZ,20141201,10.11,10.32,9.95,10.02,10.28,-0.26,-2.53,39158.77,39551.0993
1885,000736.SZ,20141128,10.02,10.62,9.85,10.28,10.01,0.27,2.7,58644.08,59495.9241
1886,000736.SZ,20141127,10.01,10.17,9.9,10.01,10.23,-0.22,-2.15,55308.58,55515.0734
1887,000736.SZ,20141126,9.39,10.28,9.29,10.23,9.4,0.83,8.83,79622.31,78505.3551
1888,000736.SZ,20141125,9.39,9.5,9.26,9.4,9.4,0.0,0.0,26164.23,24512.578
1889,000736.SZ,20141124,9.54,9.64,9.33,9.4,9.14,0.26,2.84,64965.71,61607.0503
1890,000736.SZ,20141121,9.16,9.2,9.07,9.14,9.1,0.04,0.44,15178.76,13835.1545
1891,000736.SZ,20141120,9.1,9.14,8.96,9.1,9.1,0.0,0.0,13119.43,11853.8933
1892,000736.SZ,20141119,8.92,9.18,8.88,9.1,8.99,0.11,1.22,19671.55,17783.95
1893,000736.SZ,20141118,9.03,9.1,8.91,8.99,9.03,-0.04,-0.44,16692.89,15040.4037
1894,000736.SZ,20141117,8.82,9.07,8.74,9.03,8.78,0.25,2.85,20012.39,17863.1188
1895,000736.SZ,20141114,8.65,8.8,8.64,8.78,8.76,0.02,0.23,14106.01,12284.9468
1896,000736.SZ,20141113,8.93,9.03,8.65,8.76,8.96,-0.2,-2.23,31194.29,27514.0979
1897,000736.SZ,20141112,8.88,9.03,8.74,8.96,8.87,0.09,1.01,23835.01,21208.1297
1898,000736.SZ,20141111,9.38,9.43,8.7,8.87,9.37,-0.5,-5.34,45709.61,41087.395
1899,000736.SZ,20141110,9.33,9.4,9.24,9.37,9.4,-0.03,-0.32,23240.38,21622.9533
1900,000736.SZ,20141107,9.48,9.75,9.36,9.4,9.45,-0.05,-0.53,40179.92,38505.2854
1901,000736.SZ,20141106,9.36,9.48,9.31,9.45,9.39,0.06,0.64,18487.26,17391.7784
1902,000736.SZ,20141105,9.43,9.49,9.32,9.39,9.54,-0.15,-1.57,25806.28,24296.5075
1903,000736.SZ,20141104,9.18,9.69,9.12,9.54,9.18,0.36,3.92,61543.67,58219.6316
1904,000736.SZ,20141103,9.18,9.24,9.12,9.18,9.15,0.03,0.33,24467.47,22456.5616
1905,000736.SZ,20141031,9.17,9.27,9.1,9.15,9.15,0.0,0.0,25212.67,23099.7624
1906,000736.SZ,20141030,9.22,9.22,9.08,9.15,9.22,-0.07,-0.76,29602.39,27052.3638
1907,000736.SZ,20141029,9.05,9.23,8.94,9.22,9.06,0.16,1.77,49480.09,44869.0555
1908,000736.SZ,20141028,8.85,9.11,8.8,9.06,8.85,0.21,2.37,23108.25,20691.5066
1909,000736.SZ,20141027,8.85,8.94,8.75,8.85,8.85,0.0,0.0,15314.32,13512.0685
1910,000736.SZ,20141024,8.67,8.85,8.65,8.85,8.65,0.2,2.31,13702.68,12006.075
1911,000736.SZ,20141023,8.85,8.96,8.65,8.65,8.89,-0.24,-2.7,18094.51,15820.1576
1912,000736.SZ,20141022,8.92,9.05,8.84,8.89,8.96,-0.07,-0.78,18203.41,16246.2341
1913,000736.SZ,20141021,9.03,9.13,8.9,8.96,9.08,-0.12,-1.32,14785.67,13359.5536
1914,000736.SZ,20141020,8.97,9.11,8.83,9.08,8.97,0.11,1.23,15191.99,13714.5996
1915,000736.SZ,20141017,9.02,9.03,8.7,8.97,9.03,-0.06,-0.66,31674.68,28168.1717
1916,000736.SZ,20141016,9.23,9.31,9.03,9.03,9.32,-0.29,-3.11,32574.02,29870.8478
1917,000736.SZ,20141015,9.45,9.49,9.22,9.32,9.46,-0.14,-1.48,31668.46,29517.2397
1918,000736.SZ,20141014,9.11,9.52,9.04,9.46,9.1,0.36,3.96,57919.61,53960.5803
1919,000736.SZ,20141013,9.18,9.18,8.8,9.1,9.2,-0.1,-1.09,27129.6,24530.9263
1920,000736.SZ,20141010,9.08,9.26,8.98,9.2,9.12,0.08,0.88,32916.67,30156.9918
1921,000736.SZ,20141009,9.26,9.31,9.02,9.12,9.33,-0.21,-2.25,42944.68,39185.505
1922,000736.SZ,20141008,9.47,9.6,9.18,9.33,9.18,0.15,1.63,49720.55,46447.5856
1923,000736.SZ,20140930,9.08,9.32,9.02,9.18,9.1,0.08,0.88,40300.41,36974.388
1924,000736.SZ,20140929,8.88,9.2,8.77,9.1,8.77,0.33,3.76,57544.08,51939.81
1925,000736.SZ,20140926,8.71,8.85,8.61,8.77,8.71,0.06,0.69,22503.96,19725.3723
1926,000736.SZ,20140925,8.74,8.88,8.64,8.71,8.71,0.0,0.0,30401.69,26563.8439
1927,000736.SZ,20140924,8.57,8.75,8.5,8.71,8.58,0.13,1.52,29854.26,25870.8819
1928,000736.SZ,20140923,8.4,8.64,8.35,8.58,8.36,0.22,2.63,24316.41,20721.7138
1929,000736.SZ,20140922,8.6,8.62,8.33,8.36,8.6,-0.24,-2.79,23067.22,19435.5891
1930,000736.SZ,20140919,8.64,8.68,8.44,8.6,8.65,-0.05,-0.58,20226.58,17327.4372
1931,000736.SZ,20140918,8.61,8.87,8.56,8.65,8.63,0.02,0.23,31809.0,27729.3805
1932,000736.SZ,20140917,8.33,8.63,8.2,8.63,8.33,0.3,3.6,37194.98,31410.9039
1933,000736.SZ,20140916,8.68,8.94,8.26,8.33,8.68,-0.35,-4.03,51692.42,44839.6416
1934,000736.SZ,20140915,8.43,8.68,8.41,8.68,8.43,0.25,2.97,46937.45,40228.3989
1935,000736.SZ,20140912,8.33,8.43,8.27,8.43,8.34,0.09,1.08,22170.7,18511.7978
1936,000736.SZ,20140911,8.49,8.5,8.28,8.34,8.42,-0.08,-0.95,36222.82,30479.0757
1937,000736.SZ,20140910,8.31,8.5,8.26,8.42,8.34,0.08,0.96,29435.68,24758.3308
1938,000736.SZ,20140909,8.4,8.4,8.27,8.34,8.38,-0.04,-0.48,24782.97,20645.0017
1939,000736.SZ,20140905,8.41,8.45,8.32,8.38,8.41,-0.03,-0.36,27714.1,23202.4019
1940,000736.SZ,20140904,8.28,8.49,8.25,8.41,8.25,0.16,1.94,52523.66,44154.3536
1941,000736.SZ,20140903,8.25,8.33,8.17,8.25,8.25,0.0,0.0,32679.08,26940.302
1942,000736.SZ,20140902,8.25,8.31,8.19,8.25,8.25,0.0,0.0,22860.62,18852.9616
1943,000736.SZ,20140901,8.01,8.26,7.98,8.25,8.02,0.23,2.87,23240.91,18892.6274
1944,000736.SZ,20140829,7.8,8.03,7.75,8.02,7.79,0.23,2.95,17020.59,13528.8842
1945,000736.SZ,20140828,7.91,7.98,7.76,7.79,7.95,-0.16,-2.01,18440.09,14494.0408
1946,000736.SZ,20140827,8.15,8.2,7.86,7.95,8.19,-0.24,-2.93,30239.49,24198.5971
1947,000736.SZ,20140826,8.38,8.46,8.1,8.19,8.38,-0.19,-2.27,31750.69,26196.404
1948,000736.SZ,20140825,8.24,8.52,8.22,8.38,8.27,0.11,1.33,54325.37,45621.8527
1949,000736.SZ,20140822,8.15,8.28,8.11,8.27,8.14,0.13,1.6,27262.23,22416.9223
1950,000736.SZ,20140821,8.3,8.37,8.1,8.14,8.34,-0.2,-2.4,39713.28,32524.2119
1951,000736.SZ,20140820,8.19,8.57,7.65,8.34,8.21,0.13,1.58,88902.84,74459.3855
1952,000736.SZ,20140819,8.15,8.24,8.1,8.21,8.14,0.07,0.86,38523.17,31474.6798
1953,000736.SZ,20140818,8.1,8.15,8.05,8.14,8.1,0.04,0.49,40594.37,32841.2248
1954,000736.SZ,20140815,8.12,8.14,8.04,8.1,8.09,0.01,0.12,29136.72,23583.9216
1955,000736.SZ,20140814,8.14,8.15,8.06,8.09,8.16,-0.07,-0.86,32853.46,26632.779
1956,000736.SZ,20140813,8.28,8.33,8.08,8.16,8.27,-0.11,-1.33,37514.52,30743.61
1957,000736.SZ,20140812,8.17,8.28,8.14,8.27,8.17,0.1,1.22,40821.55,33620.6198
1958,000736.SZ,20140811,8.13,8.18,8.05,8.17,8.13,0.04,0.49,32800.69,26682.0258
1959,000736.SZ,20140808,8.07,8.15,8.03,8.13,8.08,0.05,0.62,24794.05,20036.3134
1960,000736.SZ,20140807,8.19,8.23,8.0,8.08,8.14,-0.06,-0.74,36653.22,29836.241
1961,000736.SZ,20140806,8.17,8.2,8.06,8.14,8.19,-0.05,-0.61,37695.99,30652.6345
1962,000736.SZ,20140805,8.21,8.35,8.12,8.19,8.17,0.02,0.24,55956.92,45941.6332
1963,000736.SZ,20140804,8.03,8.17,8.0,8.17,8.06,0.11,1.36,54111.43,43847.6954
1964,000736.SZ,20140801,8.44,8.45,8.01,8.06,8.51,-0.45,-5.29,114665.84,93731.7469
1965,000736.SZ,20140731,8.37,8.54,8.32,8.51,8.32,0.19,2.28,87871.9,74166.2573
1966,000736.SZ,20140730,8.39,8.67,8.28,8.32,8.5,-0.18,-2.12,91040.79,76466.2688
1967,000736.SZ,20140729,8.41,8.53,8.22,8.5,8.42,0.08,0.95,120848.15,101457.8892
1968,000736.SZ,20140728,8.23,8.42,8.11,8.42,8.31,0.11,1.32,116013.73,96134.0535
1969,000736.SZ,20140725,8.64,8.99,8.2,8.31,8.8,-0.49,-5.57,153681.53,130138.6504
1970,000736.SZ,20140724,8.62,9.15,8.53,8.8,9.2,-0.4,-4.35,187858.92,165328.2663
1971,000736.SZ,20140723,8.64,9.26,8.51,9.2,8.42,0.78,9.26,288158.79,258082.4251
1972,000736.SZ,20140722,8.42,8.42,8.42,8.42,7.65,0.77,10.07,21259.15,17900.2043
1973,000736.SZ,20140721,7.01,7.65,6.81,7.65,6.95,0.7,10.07,59063.94,44311.5248
1974,000736.SZ,20140718,6.59,7.19,6.55,6.95,6.61,0.34,5.14,81156.84,56416.8979
1975,000736.SZ,20140717,6.77,6.77,6.57,6.61,6.76,-0.15,-2.22,27158.14,18065.1024
1976,000736.SZ,20140716,6.67,6.94,6.64,6.76,6.66,0.1,1.5,43550.74,29672.8319
1977,000736.SZ,20140715,6.68,6.69,6.62,6.66,6.7,-0.04,-0.6,11008.48,7332.1192
1978,000736.SZ,20140714,6.61,6.71,6.56,6.7,6.61,0.09,1.36,23734.66,15749.4056
1979,000736.SZ,20140711,6.52,6.61,6.51,6.61,6.51,0.1,1.54,13607.29,8958.6003
1980,000736.SZ,20140710,6.52,6.52,6.44,6.51,6.51,0.0,0.0,9978.77,6465.4784
1981,000736.SZ,20140709,6.58,6.62,6.49,6.51,6.58,-0.07,-1.06,14188.75,9288.3318
1982,000736.SZ,20140708,6.64,6.64,6.53,6.58,6.61,-0.03,-0.45,10543.44,6925.8328
1983,000736.SZ,20140707,6.56,6.64,6.55,6.61,6.55,0.06,0.92,10047.87,6621.8137
1984,000736.SZ,20140704,6.53,6.62,6.5,6.55,6.54,0.01,0.15,9001.2,5914.7858
1985,000736.SZ,20140703,6.5,6.58,6.47,6.54,6.5,0.04,0.62,13074.87,8556.65
1986,000736.SZ,20140702,6.45,6.51,6.43,6.5,6.45,0.05,0.78,9905.35,6412.8628
1987,000736.SZ,20140701,6.43,6.59,6.43,6.45,6.46,-0.01,-0.15,11472.53,7439.7687
1988,000736.SZ,20140630,6.4,6.48,6.4,6.46,6.43,0.03,0.47,9951.64,6420.5749
1989,000736.SZ,20140627,6.35,6.46,6.3,6.43,6.34,0.09,1.42,15670.23,10032.2497
1990,000736.SZ,20140626,6.27,6.36,6.27,6.34,6.27,0.07,1.12,6801.56,4304.0297
1991,000736.SZ,20140625,6.26,6.28,6.23,6.27,6.28,-0.01,-0.16,4024.41,2516.2614
1992,000736.SZ,20140624,6.21,6.29,6.21,6.28,6.25,0.03,0.48,5583.49,3493.5583
1993,000736.SZ,20140623,6.2,6.27,6.2,6.25,6.24,0.01,0.16,6811.08,4257.1032
1994,000736.SZ,20140620,6.15,6.34,6.1,6.24,6.12,0.12,1.96,11123.73,6859.214
1995,000736.SZ,20140619,6.36,6.37,6.11,6.12,6.35,-0.23,-3.62,11361.73,7092.6919
1996,000736.SZ,20140618,6.41,6.44,6.32,6.35,6.43,-0.08,-1.24,10349.67,6592.2658
1997,000736.SZ,20140617,6.52,6.52,6.43,6.43,6.52,-0.09,-1.38,7986.31,5156.2321
1998,000736.SZ,20140616,6.47,6.53,6.47,6.52,6.47,0.05,0.77,8578.96,5580.521
1999,000736.SZ,20140613,6.44,6.52,6.43,6.47,6.46,0.01,0.15,8839.09,5727.2827
2000,000736.SZ,20140612,6.44,6.58,6.4,6.46,6.45,0.01,0.16,11421.04,7408.9657
2001,000736.SZ,20140611,6.44,6.46,6.38,6.45,6.45,0.0,0.0,7072.97,4541.1019
2002,000736.SZ,20140610,6.42,6.45,6.34,6.45,6.39,0.06,0.94,8450.14,5403.7112
2003,000736.SZ,20140609,6.37,6.47,6.33,6.39,6.37,0.02,0.31,9110.48,5843.8268
2004,000736.SZ,20140606,6.38,6.43,6.34,6.37,6.4,-0.03,-0.47,5914.89,3768.9483
2005,000736.SZ,20140605,6.4,6.41,6.33,6.4,6.35,0.05,0.79,8961.05,5713.5886
2006,000736.SZ,20140604,6.4,6.45,6.28,6.35,6.45,-0.1,-1.55,11221.11,7111.4509
2007,000736.SZ,20140603,6.39,6.48,6.36,6.45,6.39,0.06,0.94,8399.3,5402.72
2008,000736.SZ,20140530,6.48,6.48,6.34,6.39,6.5,-0.11,-1.69,12598.23,8067.8839
2009,000736.SZ,20140529,6.5,6.56,6.45,6.5,6.52,-0.02,-0.31,9488.86,6170.6227
2010,000736.SZ,20140528,6.45,6.54,6.45,6.52,6.5,0.02,0.31,8071.22,5240.7878
2011,000736.SZ,20140527,6.56,6.6,6.5,6.5,6.58,-0.08,-1.22,9041.52,5917.5207
2012,000736.SZ,20140526,6.57,6.6,6.49,6.58,6.57,0.01,0.15,12027.12,7854.005
2013,000736.SZ,20140523,6.44,6.62,6.39,6.57,6.44,0.13,2.02,18276.82,11981.6145
2014,000736.SZ,20140522,6.47,6.56,6.42,6.44,6.47,-0.03,-0.46,7965.24,5182.2587
2015,000736.SZ,20140521,6.39,6.48,6.31,6.47,6.4,0.07,1.09,6460.87,4144.9584
2016,000736.SZ,20140520,6.43,6.47,6.36,6.4,6.43,-0.03,-0.47,8764.32,5622.4645
2017,000736.SZ,20140519,6.47,6.5,6.29,6.43,6.53,-0.1,-1.53,13531.05,8678.7368
2018,000736.SZ,20140516,6.47,6.56,6.39,6.53,6.49,0.04,0.62,14422.52,9374.0593
2019,000736.SZ,20140515,6.74,6.74,6.37,6.49,6.71,-0.22,-3.28,28142.45,18378.7469
2020,000736.SZ,20140514,6.75,6.85,6.67,6.71,6.66,0.05,0.75,30756.93,20728.9657
2021,000736.SZ,20140513,6.7,6.83,6.66,6.66,6.78,-0.12,-1.77,34029.26,22873.353
2022,000736.SZ,20140512,6.7,6.88,6.67,6.78,6.77,0.01,0.15,54022.27,36643.174
2023,000736.SZ,20140509,7.29,7.3,6.72,6.77,6.99,-0.22,-3.15,106092.91,74329.2293
2024,000736.SZ,20140508,6.3,7.01,6.3,7.01,6.37,0.64,10.05,70573.88,47564.7808
2025,000736.SZ,20140507,6.32,6.38,6.24,6.37,6.33,0.04,0.63,14664.47,9256.0136
2026,000736.SZ,20140506,6.32,6.36,6.28,6.33,6.33,0.0,0.0,8087.41,5118.2637
2027,000736.SZ,20140505,6.38,6.4,6.23,6.33,6.4,-0.07,-1.09,12276.1,7723.3498
2028,000736.SZ,20140430,6.23,6.5,6.23,6.4,6.23,0.17,2.73,13297.28,8515.6219
2029,000736.SZ,20140429,6.24,6.26,6.16,6.23,6.18,0.05,0.81,8674.74,5389.622
2030,000736.SZ,20140428,6.35,6.39,6.18,6.18,6.33,-0.15,-2.37,10112.57,6320.1168
2031,000736.SZ,20140425,6.51,6.55,6.33,6.33,6.51,-0.18,-2.77,12301.56,7936.0314
2032,000736.SZ,20140424,6.55,6.64,6.49,6.51,6.54,-0.03,-0.46,9357.11,6140.6428
2033,000736.SZ,20140423,6.51,6.55,6.49,6.54,6.51,0.03,0.46,6365.11,4152.3177
2034,000736.SZ,20140422,6.53,6.6,6.4,6.51,6.52,-0.01,-0.15,9293.23,6040.8431
2035,000736.SZ,20140421,6.71,6.75,6.52,6.52,6.73,-0.21,-3.12,9235.69,6161.1101
2036,000736.SZ,20140418,6.71,6.8,6.71,6.73,6.78,-0.05,-0.74,9475.91,6396.0928
2037,000736.SZ,20140417,6.79,6.83,6.73,6.78,6.79,-0.01,-0.15,11147.96,7546.0949
2038,000736.SZ,20140416,6.76,6.81,6.73,6.79,6.75,0.04,0.59,10902.16,7378.0378
2039,000736.SZ,20140415,6.83,6.97,6.74,6.75,6.82,-0.07,-1.03,22289.94,15275.9055
2040,000736.SZ,20140414,6.71,6.83,6.71,6.82,6.76,0.06,0.89,12689.35,8614.0559
2041,000736.SZ,20140411,6.76,6.81,6.7,6.76,6.82,-0.06,-0.88,15193.42,10267.8526
2042,000736.SZ,20140410,6.88,6.91,6.73,6.82,6.91,-0.09,-1.3,23318.7,15867.3342
2043,000736.SZ,20140409,6.95,6.95,6.82,6.91,6.96,-0.05,-0.72,21363.14,14708.7786
2044,000736.SZ,20140408,6.94,7.08,6.87,6.96,7.01,-0.05,-0.71,32356.76,22493.5163
2045,000736.SZ,20140404,6.71,7.09,6.67,7.01,6.79,0.22,3.24,42148.45,29096.613
2046,000736.SZ,20140403,6.91,6.95,6.68,6.79,6.94,-0.15,-2.16,32025.54,21763.8706
2047,000736.SZ,20140402,6.74,7.25,6.7,6.94,6.72,0.22,3.27,59003.27,41310.8938
2048,000736.SZ,20140401,6.62,6.76,6.59,6.72,6.62,0.1,1.51,14463.82,9639.4206
2049,000736.SZ,20140331,6.92,6.92,6.58,6.62,6.91,-0.29,-4.2,22586.2,15175.1741
2050,000736.SZ,20140328,6.7,7.04,6.63,6.91,6.71,0.2,2.98,44972.34,30792.0934
2051,000736.SZ,20140327,6.56,6.85,6.56,6.71,6.67,0.04,0.6,36013.76,24146.8147
2052,000736.SZ,20140326,6.79,6.81,6.6,6.67,6.81,-0.14,-2.06,23361.41,15584.878
2053,000736.SZ,20140325,6.88,7.07,6.71,6.81,6.94,-0.13,-1.87,45513.27,31566.7565
2054,000736.SZ,20140324,6.69,7.13,6.61,6.94,6.63,0.31,4.68,47830.73,32673.8035
2055,000736.SZ,20140321,6.41,6.64,6.33,6.63,6.43,0.2,3.11,27672.94,18112.8599
2056,000736.SZ,20140320,6.45,6.66,6.41,6.43,6.45,-0.02,-0.31,20338.79,13323.0482
2057,000736.SZ,20140319,6.36,6.48,6.36,6.45,6.4,0.05,0.78,11340.06,7290.7195
2058,000736.SZ,20140318,6.42,6.44,6.37,6.4,6.42,-0.02,-0.31,9358.22,5993.4037
2059,000736.SZ,20140317,6.4,6.43,6.36,6.42,6.35,0.07,1.1,7886.75,5052.2768
2060,000736.SZ,20140314,6.37,6.43,6.29,6.35,6.37,-0.02,-0.31,7780.39,4941.2745
2061,000736.SZ,20140313,6.39,6.49,6.34,6.37,6.37,0.0,0.0,12279.5,7852.7443
2062,000736.SZ,20140312,6.33,6.53,6.25,6.37,6.3,0.07,1.11,13344.17,8573.2765
2063,000736.SZ,20140311,6.19,6.33,6.19,6.3,6.24,0.06,0.96,8343.18,5235.7297
2064,000736.SZ,20140310,6.41,6.41,6.2,6.24,6.45,-0.21,-3.26,16398.61,10297.2725
2065,000736.SZ,20140307,6.55,6.58,6.44,6.45,6.59,-0.14,-2.12,19787.99,12845.9524
2066,000736.SZ,20140306,6.4,6.65,6.35,6.59,6.4,0.19,2.97,22904.26,14958.0638
2067,000736.SZ,20140305,6.58,6.59,6.35,6.4,6.55,-0.15,-2.29,17430.94,11211.9639
2068,000736.SZ,20140304,6.43,6.7,6.4,6.55,6.44,0.11,1.71,26253.37,17247.7791
2069,000736.SZ,20140303,6.28,6.44,6.26,6.44,6.32,0.12,1.9,14313.27,9105.4352
2070,000736.SZ,20140228,6.26,6.33,6.12,6.32,6.3,0.02,0.32,10611.71,6615.0152
2071,000736.SZ,20140227,6.39,6.4,6.25,6.3,6.39,-0.09,-1.41,8781.13,5567.342
2072,000736.SZ,20140226,6.28,6.8,6.22,6.39,6.3,0.09,1.43,8626.0,5492.5293
2073,000736.SZ,20140225,6.39,6.39,6.21,6.3,6.38,-0.08,-1.25,13948.59,8808.2803
2074,000736.SZ,20140224,6.6,6.6,6.29,6.38,6.62,-0.24,-3.63,16625.45,10569.5019
2075,000736.SZ,20140221,6.72,6.77,6.53,6.62,6.72,-0.1,-1.49,12557.24,8302.6141
2076,000736.SZ,20140220,6.84,6.88,6.72,6.72,6.84,-0.12,-1.75,9510.16,6440.4136
2077,000736.SZ,20140219,6.81,6.93,6.78,6.84,6.81,0.03,0.44,9560.54,6554.8306
2078,000736.SZ,20140218,6.8,6.96,6.78,6.81,6.79,0.02,0.29,13982.69,9567.9572
2079,000736.SZ,20140217,6.78,6.84,6.77,6.79,6.78,0.01,0.15,8825.07,5996.8862
2080,000736.SZ,20140214,6.85,6.88,6.72,6.78,6.78,0.0,0.0,11055.44,7482.5094
2081,000736.SZ,20140213,6.66,7.33,6.66,6.78,6.67,0.11,1.65,18423.15,12621.0977
2082,000736.SZ,20140212,6.55,6.68,6.55,6.67,6.57,0.1,1.52,11071.43,7325.5095
2083,000736.SZ,20140211,6.52,6.61,6.49,6.57,6.52,0.05,0.77,8493.78,5573.6633
2084,000736.SZ,20140210,6.4,6.54,6.4,6.52,6.4,0.12,1.88,10548.81,6841.0341
2085,000736.SZ,20140207,6.32,6.42,6.31,6.4,6.35,0.05,0.79,2973.43,1891.2318
2086,000736.SZ,20140130,6.38,6.43,6.32,6.35,6.39,-0.04,-0.63,4307.3,2735.7916
2087,000736.SZ,20140129,6.44,6.44,6.36,6.39,6.37,0.02,0.31,3900.26,2493.9186
2088,000736.SZ,20140128,6.42,6.44,6.37,6.37,6.39,-0.02,-0.31,4818.48,3081.8128
2089,000736.SZ,20140127,6.46,6.46,6.36,6.39,6.48,-0.09,-1.39,5621.12,3595.4048
2090,000736.SZ,20140124,6.32,6.53,6.31,6.48,6.34,0.14,2.21,9519.94,6169.9544
2091,000736.SZ,20140123,6.41,6.44,6.34,6.34,6.4,-0.06,-0.94,7603.61,4858.4104
2092,000736.SZ,20140122,6.18,6.42,6.18,6.4,6.2,0.2,3.23,10267.83,6527.224
2093,000736.SZ,20140121,6.12,6.25,6.1,6.2,6.17,0.03,0.49,5765.13,3565.7256
2094,000736.SZ,20140120,6.28,6.29,6.12,6.17,6.28,-0.11,-1.75,4382.0,2719.0841
2095,000736.SZ,20140117,6.4,6.4,6.27,6.28,6.35,-0.07,-1.1,4205.21,2647.9604
2096,000736.SZ,20140116,6.33,6.43,6.28,6.35,6.29,0.06,0.95,4746.5,3015.9603
2097,000736.SZ,20140115,6.25,6.32,6.22,6.29,6.28,0.01,0.16,4193.32,2628.3217
2098,000736.SZ,20140114,6.19,6.29,6.16,6.28,6.21,0.07,1.13,3851.33,2400.9523
2099,000736.SZ,20140113,6.3,6.38,6.18,6.21,6.32,-0.11,-1.74,8867.92,5556.4752
2100,000736.SZ,20140110,6.42,6.44,6.3,6.32,6.43,-0.11,-1.71,6037.5,3845.7025
2101,000736.SZ,20140109,6.64,6.69,6.41,6.43,6.68,-0.25,-3.74,9119.0,5988.8118
2102,000736.SZ,20140108,6.59,6.7,6.5,6.68,6.58,0.1,1.52,8952.86,5895.3282
2103,000736.SZ,20140107,6.63,6.63,6.5,6.58,6.58,0.0,0.0,3335.13,2186.1992
2104,000736.SZ,20140106,6.8,6.8,6.52,6.58,6.76,-0.18,-2.66,9533.36,6316.0716
2105,000736.SZ,20140103,6.86,6.87,6.7,6.76,6.87,-0.11,-1.6,6393.23,4324.8565
2106,000736.SZ,20140102,6.94,6.94,6.8,6.87,6.95,-0.08,-1.15,7020.3,4810.8803
2107,000736.SZ,20131231,6.79,7.06,6.7,6.95,6.82,0.13,1.91,32528.82,22567.8795
2108,000736.SZ,20131230,6.67,6.86,6.64,6.82,6.67,0.15,2.25,11711.64,7870.6418
2109,000736.SZ,20131227,6.45,6.68,6.4,6.67,6.5,0.17,2.62,14177.24,9350.9417
2110,000736.SZ,20131226,6.63,6.64,6.5,6.5,6.65,-0.15,-2.26,11287.05,7400.2633
2111,000736.SZ,20131225,6.66,6.7,6.6,6.65,6.7,-0.05,-0.75,7231.34,4802.8576
2112,000736.SZ,20131224,6.61,6.75,6.61,6.7,6.6,0.1,1.52,9087.64,6062.6939
2113,000736.SZ,20131223,6.72,6.78,6.57,6.6,6.75,-0.15,-2.22,9945.4,6616.7521
2114,000736.SZ,20131220,6.88,6.9,6.73,6.75,6.88,-0.13,-1.89,8683.22,5908.3108
2115,000736.SZ,20131219,6.95,6.99,6.87,6.88,6.95,-0.07,-1.01,7362.16,5096.6463
2116,000736.SZ,20131218,6.91,7.0,6.88,6.95,6.91,0.04,0.58,4940.18,3428.9291
2117,000736.SZ,20131217,6.97,6.99,6.89,6.91,6.96,-0.05,-0.72,7500.5,5196.8333
2118,000736.SZ,20131216,7.06,7.1,6.94,6.96,7.04,-0.08,-1.14,8789.29,6164.053
2119,000736.SZ,20131213,7.04,7.1,7.0,7.04,7.05,-0.01,-0.14,9401.96,6628.439
2120,000736.SZ,20131212,6.91,7.14,6.91,7.05,6.95,0.1,1.44,16954.54,11964.4341
2121,000736.SZ,20131211,7.08,7.1,6.94,6.95,7.12,-0.17,-2.39,13745.98,9638.9368
2122,000736.SZ,20131210,7.09,7.16,7.05,7.12,7.07,0.05,0.71,12649.37,8999.9569
2123,000736.SZ,20131209,7.1,7.1,7.05,7.07,7.08,-0.01,-0.14,7929.85,5606.1969
2124,000736.SZ,20131206,7.04,7.1,6.98,7.08,7.05,0.03,0.43,11640.81,8199.6169
2125,000736.SZ,20131205,7.04,7.12,7.01,7.05,7.04,0.01,0.14,8792.85,6211.1234
2126,000736.SZ,20131204,6.93,7.19,6.91,7.04,6.93,0.11,1.59,20152.93,14234.4893
2127,000736.SZ,20131203,6.85,6.98,6.79,6.93,6.88,0.05,0.73,11032.97,7607.4927
2128,000736.SZ,20131202,7.12,7.12,6.83,6.88,7.2,-0.32,-4.44,23057.05,16034.5472
2129,000736.SZ,20131129,7.18,7.28,7.1,7.2,7.15,0.05,0.7,18757.38,13489.6563
2130,000736.SZ,20131128,7.07,7.25,7.07,7.15,7.08,0.07,0.99,15975.93,11431.7631
2131,000736.SZ,20131127,7.06,7.13,7.03,7.08,7.04,0.04,0.57,11589.4,8193.7148
2132,000736.SZ,20131126,7.06,7.18,7.03,7.04,7.06,-0.02,-0.28,12559.44,8869.1753
2133,000736.SZ,20131125,7.06,7.2,6.98,7.06,7.13,-0.07,-0.98,15338.46,10874.9598
2134,000736.SZ,20131122,7.14,7.38,7.09,7.13,7.19,-0.06,-0.83,25212.32,18205.9249
2135,000736.SZ,20131121,7.13,7.32,6.99,7.19,7.13,0.06,0.84,33123.58,23813.5881
2136,000736.SZ,20131120,7.09,7.14,7.01,7.13,7.08,0.05,0.71,12266.44,8694.7714
2137,000736.SZ,20131119,7.07,7.14,7.02,7.08,7.08,0.0,0.0,12321.36,8728.5049
2138,000736.SZ,20131118,6.94,7.13,6.92,7.08,6.94,0.14,2.02,17801.13,12529.3472
2139,000736.SZ,20131115,6.81,7.03,6.81,6.94,6.83,0.11,1.61,13054.93,9068.8326
2140,000736.SZ,20131114,6.8,6.9,6.79,6.83,6.8,0.03,0.4412,5118.53,3495.5557
2141,000736.SZ,20131113,6.88,7.07,6.77,6.8,6.88,-0.08,-1.16,9849.33,6767.9319
2142,000736.SZ,20131112,6.83,6.94,6.8,6.88,6.84,0.04,0.58,6010.96,4130.6867
2143,000736.SZ,20131111,6.72,6.91,6.72,6.84,6.76,0.08,1.18,6708.51,4589.5565
2144,000736.SZ,20131108,6.92,6.92,6.74,6.76,6.9,-0.14,-2.03,10383.39,7078.7177
2145,000736.SZ,20131107,6.98,7.0,6.9,6.9,6.98,-0.08,-1.15,8351.84,5805.5332
2146,000736.SZ,20131106,6.99,7.27,6.89,6.98,7.0,-0.02,-0.29,17223.56,12156.7894
2147,000736.SZ,20131105,6.95,7.01,6.82,7.0,6.96,0.04,0.57,9105.07,6298.8449
2148,000736.SZ,20131104,6.99,7.01,6.91,6.96,7.0,-0.04,-0.57,6286.18,4366.4273
2149,000736.SZ,20131101,6.98,7.07,6.94,7.0,7.0,0.0,0.0,8194.33,5743.7703
2150,000736.SZ,20131031,6.91,7.08,6.91,7.0,6.9,0.1,1.45,14711.51,10308.4919
2151,000736.SZ,20131030,6.8,6.92,6.78,6.9,6.84,0.06,0.88,8645.99,5916.8912
2152,000736.SZ,20131029,6.97,7.04,6.67,6.84,6.97,-0.13,-1.87,14835.22,10125.427
2153,000736.SZ,20131028,7.11,7.11,6.92,6.97,7.11,-0.14,-1.97,14949.06,10449.9598
2154,000736.SZ,20131025,7.27,7.3,7.1,7.11,7.26,-0.15,-2.07,13773.02,9888.2167
2155,000736.SZ,20131024,7.52,7.52,7.24,7.26,7.51,-0.25,-3.33,19936.98,14642.3937
2156,000736.SZ,20131023,7.64,7.78,7.5,7.51,7.59,-0.08,-1.05,26634.87,20375.878
2157,000736.SZ,20131022,7.59,7.63,7.55,7.59,7.59,0.0,0.0,17259.86,13085.4256
2158,000736.SZ,20131021,7.57,7.64,7.52,7.59,7.59,0.0,0.0,24757.45,18746.8651
2159,000736.SZ,20131018,7.48,7.6,7.46,7.59,7.52,0.07,0.93,12709.13,9571.1013
2160,000736.SZ,20131017,7.47,7.55,7.42,7.52,7.41,0.11,1.48,13989.9,10467.1869
2161,000736.SZ,20131016,7.64,7.64,7.35,7.41,7.66,-0.25,-3.26,20067.19,14998.6723
2162,000736.SZ,20131015,7.7,7.72,7.57,7.66,7.73,-0.07,-0.91,19258.04,14719.904
2163,000736.SZ,20131014,7.77,7.78,7.67,7.73,7.77,-0.04,-0.51,21474.39,16565.7404
2164,000736.SZ,20131011,7.6,7.77,7.55,7.77,7.6,0.17,2.24,29714.97,22810.8328
2165,000736.SZ,20131010,7.62,7.66,7.49,7.6,7.62,-0.02,-0.26,21055.93,15926.0148
2166,000736.SZ,20131009,7.53,7.63,7.46,7.62,7.54,0.08,1.06,18891.09,14264.8546
2167,000736.SZ,20131008,7.32,7.57,7.31,7.54,7.36,0.18,2.45,17686.94,13249.6816
2168,000736.SZ,20130930,7.33,7.38,7.27,7.36,7.32,0.04,0.55,11120.31,8143.8955
2169,000736.SZ,20130927,7.39,7.4,7.26,7.32,7.35,-0.03,-0.41,12137.27,8905.5504
2170,000736.SZ,20130926,7.57,7.59,7.35,7.35,7.57,-0.22,-2.91,19615.24,14639.8451
2171,000736.SZ,20130925,7.58,7.66,7.54,7.57,7.63,-0.06,-0.79,24227.24,18388.8366
2172,000736.SZ,20130924,7.63,7.72,7.46,7.63,7.61,0.02,0.26,32431.71,24621.9377
2173,000736.SZ,20130923,7.52,7.63,7.52,7.61,7.5,0.11,1.47,23038.09,17443.4146
2174,000736.SZ,20130918,7.54,7.66,7.49,7.5,7.61,-0.11,-1.45,24229.65,18291.5254
2175,000736.SZ,20130917,7.82,7.85,7.61,7.61,7.82,-0.21,-2.69,19161.51,14744.0559
2176,000736.SZ,20130916,7.9,7.96,7.81,7.82,7.93,-0.11,-1.39,18890.14,14835.5453
2177,000736.SZ,20130913,7.89,7.96,7.81,7.93,7.99,-0.06,-0.75,35909.77,28341.1287
2178,000736.SZ,20130912,7.8,8.34,7.67,7.99,7.83,0.16,2.04,59987.0,47817.692
2179,000736.SZ,20130911,7.87,7.92,7.74,7.83,7.85,-0.02,-0.25,37149.61,29138.3758
2180,000736.SZ,20130910,7.78,7.93,7.75,7.85,7.83,0.02,0.26,39792.62,31191.9246
2181,000736.SZ,20130909,7.65,7.91,7.54,7.83,7.61,0.22,2.89,48514.15,37804.5835
2182,000736.SZ,20130906,7.7,7.74,7.57,7.61,7.72,-0.11,-1.42,39115.25,29860.0451
2183,000736.SZ,20130905,7.69,7.84,7.64,7.72,7.78,-0.06,-0.77,29850.55,23047.5521
2184,000736.SZ,20130904,8.01,8.08,7.7,7.78,7.95,-0.17,-2.14,46686.55,36560.4932
2185,000736.SZ,20130903,7.62,8.01,7.55,7.95,7.66,0.29,3.79,52441.99,41138.2117
2186,000736.SZ,20130902,8.15,8.15,7.47,7.66,8.24,-0.58,-7.04,63422.09,48716.2623
2187,000736.SZ,20130830,8.15,8.65,7.96,8.24,8.14,0.1,1.23,117039.76,97870.2529
2188,000736.SZ,20130829,7.84,8.14,7.82,8.14,7.4,0.74,10.0,129311.75,103977.5989
2189,000736.SZ,20130828,7.4,7.48,7.3,7.4,7.44,-0.04,-0.54,13208.9,9747.2829
2190,000736.SZ,20130827,7.37,7.46,7.3,7.44,7.37,0.07,0.95,16047.21,11897.4473
2191,000736.SZ,20130826,7.24,7.38,7.24,7.37,7.24,0.13,1.8,11395.54,8347.114
2192,000736.SZ,20130823,7.39,7.45,7.16,7.24,7.39,-0.15,-2.03,10342.28,7530.3674
2193,000736.SZ,20130822,7.26,7.45,7.2,7.39,7.28,0.11,1.51,10561.29,7766.9153
2194,000736.SZ,20130821,7.3,7.33,7.23,7.28,7.3,-0.02,-0.27,10802.97,7876.8857
2195,000736.SZ,20130820,7.35,7.45,7.27,7.3,7.36,-0.06,-0.82,10412.62,7642.1479
2196,000736.SZ,20130819,7.3,7.37,7.15,7.36,7.46,-0.1,-1.34,18403.57,13406.9236
2197,000736.SZ,20130816,7.51,7.75,7.44,7.46,7.55,-0.09,-1.19,16366.43,12414.3232
2198,000736.SZ,20130815,7.56,7.7,7.51,7.55,7.6,-0.05,-0.66,17337.99,13150.4189
2199,000736.SZ,20130814,7.65,7.71,7.57,7.6,7.64,-0.04,-0.52,18271.8,13929.935
2200,000736.SZ,20130813,7.68,7.7,7.54,7.64,7.72,-0.08,-1.04,17787.8,13533.9242
2201,000736.SZ,20130812,7.36,7.79,7.33,7.72,7.37,0.35,4.75,30839.85,23277.8432
2202,000736.SZ,20130809,7.24,7.37,7.23,7.37,7.28,0.09,1.24,17323.05,12659.504
2203,000736.SZ,20130808,7.22,7.3,7.18,7.28,7.21,0.07,0.97,17672.52,12786.7098
2204,000736.SZ,20130807,7.21,7.38,7.2,7.21,7.21,0.0,0.0,22398.89,16347.1135
2205,000736.SZ,20130806,7.17,7.26,7.11,7.21,7.19,0.02,0.28,13503.73,9692.5421
2206,000736.SZ,20130805,7.17,7.2,7.06,7.19,7.2,-0.01,-0.14,15603.59,11117.3518
2207,000736.SZ,20130802,7.23,7.39,7.18,7.2,7.15,0.05,0.7,30460.33,22251.8837
2208,000736.SZ,20130801,6.9,7.18,6.82,7.15,6.87,0.28,4.08,28907.04,20333.9164
2209,000736.SZ,20130731,6.91,7.2,6.83,6.87,6.74,0.13,1.93,22617.75,15800.4145
2210,000736.SZ,20130730,6.67,6.82,6.62,6.74,6.71,0.03,0.45,9414.1,6341.6166
2211,000736.SZ,20130729,6.85,6.85,6.65,6.71,6.87,-0.16,-2.33,12766.77,8590.6939
2212,000736.SZ,20130726,6.91,6.94,6.76,6.87,6.91,-0.04,-0.58,8021.01,5493.1788
2213,000736.SZ,20130725,6.87,6.95,6.82,6.91,6.85,0.06,0.88,12732.09,8771.1184
2214,000736.SZ,20130724,6.95,6.97,6.76,6.85,6.98,-0.13,-1.86,16965.82,11646.3452
2215,000736.SZ,20130723,6.84,7.05,6.83,6.98,6.84,0.14,2.05,14251.94,9922.4447
2216,000736.SZ,20130722,6.75,6.85,6.7,6.84,6.76,0.08,1.18,11539.63,7814.5082
2217,000736.SZ,20130719,7.15,7.16,6.76,6.76,7.14,-0.38,-5.32,23724.11,16567.283
2218,000736.SZ,20130718,7.25,7.34,7.1,7.14,7.31,-0.17,-2.33,22835.78,16418.8453
2219,000736.SZ,20130717,7.26,7.55,7.11,7.31,7.26,0.05,0.69,31466.37,23091.2895
2220,000736.SZ,20130716,7.25,7.27,7.13,7.26,7.23,0.03,0.41,15137.53,10939.5787
2221,000736.SZ,20130715,7.13,7.29,7.12,7.23,7.14,0.09,1.26,16036.05,11571.1031
2222,000736.SZ,20130712,7.31,7.33,7.11,7.14,7.31,-0.17,-2.33,19244.31,13877.3704
2223,000736.SZ,20130711,7.0,7.41,6.95,7.31,7.01,0.3,4.28,36602.43,26595.1904
2224,000736.SZ,20130710,6.78,7.03,6.7,7.01,6.75,0.26,3.85,17492.8,12034.9085
2225,000736.SZ,20130709,6.75,6.86,6.62,6.75,6.75,0.0,0.0,11855.3,7992.1262
2226,000736.SZ,20130708,7.15,7.18,6.75,6.75,7.26,-0.51,-7.02,20276.33,14126.7615
2227,000736.SZ,20130705,7.21,7.42,7.21,7.26,7.2,0.06,0.83,25285.67,18476.8604
2228,000736.SZ,20130704,7.0,7.22,6.92,7.2,7.02,0.18,2.56,25107.86,17914.611
2229,000736.SZ,20130703,7.21,7.21,6.85,7.02,7.25,-0.23,-3.17,26254.75,18418.0835
2230,000736.SZ,20130702,7.16,7.33,7.13,7.25,7.17,0.08,1.12,25869.06,18664.3339
2231,000736.SZ,20130701,7.27,7.3,6.99,7.17,7.34,-0.17,-2.32,36978.38,26405.0185
2232,000736.SZ,20130628,7.7,7.97,7.26,7.34,7.74,-0.4,-5.17,49414.73,37620.7541
2233,000736.SZ,20130627,8.18,8.36,7.68,7.74,8.37,-0.63,-7.53,50198.56,40754.5769
2234,000736.SZ,20130626,8.49,8.7,8.22,8.37,8.65,-0.28,-3.24,65289.93,54905.405
2235,000736.SZ,20130625,8.55,8.67,7.86,8.65,8.73,-0.08,-0.92,33604.79,27785.424
2236,000736.SZ,20130624,8.75,9.18,8.33,8.73,8.77,-0.04,-0.46,68247.27,58983.533
2237,000736.SZ,20130621,8.4,8.87,8.1,8.77,8.56,0.21,2.45,36677.44,30914.7927
2238,000736.SZ,20130620,8.8,9.0,8.45,8.56,8.9,-0.34,-3.82,53185.74,46888.0992
2239,000736.SZ,20130619,9.0,9.0,8.72,8.9,9.1,-0.2,-2.2,33661.61,29741.1505
2240,000736.SZ,20130618,8.95,9.15,8.81,9.1,9.0,0.1,1.11,52439.71,47270.5219
2241,000736.SZ,20130617,8.91,9.15,8.76,9.0,9.12,-0.12,-1.32,49779.81,44460.1694
2242,000736.SZ,20130614,9.03,9.5,8.88,9.12,9.07,0.05,0.55,74154.78,67437.9368
2243,000736.SZ,20130613,9.25,9.25,8.83,9.07,9.43,-0.36,-3.82,95478.41,87325.4993
2244,000736.SZ,20130607,9.18,9.6,8.95,9.43,9.2,0.23,2.5,104712.92,97782.5026
2245,000736.SZ,20130606,9.03,9.3,8.97,9.2,9.08,0.12,1.32,87198.19,80042.1291
2246,000736.SZ,20130605,8.75,9.1,8.68,9.08,8.78,0.3,3.42,28698.85,25582.8631
2247,000736.SZ,20130604,9.04,9.04,8.72,8.78,9.05,-0.27,-2.98,21335.09,18874.0639
2248,000736.SZ,20130603,8.93,9.18,8.9,9.05,8.94,0.11,1.23,25706.69,23326.0051
2249,000736.SZ,20130531,8.98,9.04,8.9,8.94,8.97,-0.03,-0.33,15961.23,14303.838
2250,000736.SZ,20130530,9.05,9.08,8.85,8.97,9.08,-0.11,-1.21,25431.7,22745.0748
2251,000736.SZ,20130529,9.15,9.29,9.0,9.08,9.14,-0.06,-0.66,38075.99,34751.3583
2252,000736.SZ,20130528,8.8,9.19,8.71,9.14,8.78,0.36,4.1,54508.92,49156.0459
2253,000736.SZ,20130527,8.75,8.82,8.64,8.78,8.78,0.0,0.0,18806.35,16392.7452
2254,000736.SZ,20130524,8.8,8.91,8.68,8.78,8.82,-0.04,-0.45,17440.07,15250.0426
2255,000736.SZ,20130523,8.99,9.15,8.8,8.82,8.98,-0.16,-1.78,26423.27,23767.4385
2256,000736.SZ,20130522,8.89,9.09,8.85,8.98,8.91,0.07,0.79,34638.86,31175.8502
2257,000736.SZ,20130521,8.85,8.93,8.77,8.91,8.92,-0.01,-0.11,21848.04,19314.9371
2258,000736.SZ,20130520,8.89,9.07,8.82,8.92,8.89,0.03,0.34,35819.96,32044.0614
2259,000736.SZ,20130517,8.76,9.07,8.71,8.89,8.72,0.17,1.95,37311.96,33241.5835
2260,000736.SZ,20130516,8.5,8.72,8.41,8.72,8.49,0.23,2.71,21433.19,18499.5651
2261,000736.SZ,20130515,8.52,8.52,8.42,8.49,8.42,0.07,0.83,5480.07,4645.0416
2262,000736.SZ,20130514,8.52,8.54,8.39,8.42,8.56,-0.14,-1.64,7472.08,6311.8382
2263,000736.SZ,20130513,8.59,8.67,8.52,8.56,8.61,-0.05,-0.58,9064.07,7793.4177
2264,000736.SZ,20130510,8.43,8.61,8.37,8.61,8.49,0.12,1.41,10410.44,8862.7488
2265,000736.SZ,20130509,8.57,8.63,8.45,8.49,8.59,-0.1,-1.16,9796.83,8372.9517
2266,000736.SZ,20130508,8.46,8.75,8.46,8.59,8.46,0.13,1.54,12872.2,11093.3474
2267,000736.SZ,20130507,8.41,8.51,8.4,8.46,8.41,0.05,0.59,7438.95,6292.849
2268,000736.SZ,20130506,8.43,8.45,8.35,8.41,8.33,0.08,0.96,5625.68,4728.708
2269,000736.SZ,20130503,8.2,8.43,8.2,8.33,8.21,0.12,1.46,8021.71,6704.9501
2270,000736.SZ,20130502,8.21,8.33,8.1,8.21,8.21,0.0,0.0,7424.08,6080.6982
2271,000736.SZ,20130426,8.33,8.43,8.15,8.21,8.35,-0.14,-1.68,7043.83,5843.6779
2272,000736.SZ,20130425,8.49,8.53,8.33,8.35,8.55,-0.2,-2.34,13678.46,11555.5698
2273,000736.SZ,20130424,8.49,8.59,8.31,8.55,8.47,0.08,0.94,13122.51,11101.0465
2274,000736.SZ,20130423,8.72,8.72,8.4,8.47,8.72,-0.25,-2.87,20349.38,17463.1078
2275,000736.SZ,20130422,8.74,8.75,8.66,8.72,8.8,-0.08,-0.91,20812.1,18100.5211
2276,000736.SZ,20130419,8.6,8.8,8.6,8.8,8.7,0.1,1.15,26686.54,23329.4759
2277,000736.SZ,20130418,8.7,8.81,8.61,8.7,8.76,-0.06,-0.68,22170.44,19257.8285
2278,000736.SZ,20130417,8.85,8.85,8.68,8.76,8.81,-0.05,-0.57,27689.95,24164.997
2279,000736.SZ,20130416,8.64,8.85,8.63,8.81,8.75,0.06,0.69,33056.63,29066.4074
2280,000736.SZ,20130415,8.6,8.75,8.32,8.75,8.6,0.15,1.74,22465.37,19399.2983
2281,000736.SZ,20130412,8.54,8.66,8.5,8.6,8.56,0.04,0.47,13945.74,11995.8841
2282,000736.SZ,20130411,8.6,8.7,8.45,8.56,8.6,-0.04,-0.47,20965.57,17912.9863
2283,000736.SZ,20130410,8.49,8.72,8.46,8.6,8.49,0.11,1.3,25319.34,21814.2921
2284,000736.SZ,20130409,8.35,8.52,8.34,8.49,8.35,0.14,1.68,15718.47,13256.5943
2285,000736.SZ,20130408,8.46,8.46,8.26,8.35,8.62,-0.27,-3.13,20225.5,16803.9563
2286,000736.SZ,20130403,8.68,8.75,8.54,8.62,8.7,-0.08,-0.92,20353.85,17599.0237
2287,000736.SZ,20130402,8.67,8.87,8.62,8.7,8.7,0.0,0.0,30825.73,26982.3803
2288,000736.SZ,20130401,8.5,8.8,8.45,8.7,8.54,0.16,1.87,36608.3,31842.3012
2289,000736.SZ,20130329,8.4,8.58,8.23,8.54,8.34,0.2,2.4,26971.28,22789.2611
2290,000736.SZ,20130328,8.68,8.68,8.3,8.34,8.76,-0.42,-4.79,24153.7,20466.6104
2291,000736.SZ,20130327,8.73,8.9,8.66,8.76,8.83,-0.07,-0.79,25870.7,22723.3548
2292,000736.SZ,20130326,8.83,8.95,8.75,8.83,8.95,-0.12,-1.34,29073.07,25684.2149
2293,000736.SZ,20130325,8.9,9.14,8.8,8.95,9.02,-0.07,-0.78,64153.47,57495.7018
2294,000736.SZ,20130322,8.42,9.15,8.4,9.02,8.45,0.57,6.75,103367.13,91853.9423
2295,000736.SZ,20130321,8.59,8.59,8.42,8.45,8.6,-0.15,-1.74,33119.41,28100.8735
2296,000736.SZ,20130320,8.51,8.63,8.35,8.6,8.55,0.05,0.58,51438.73,43680.5178
2297,000736.SZ,20130319,8.26,8.55,8.2,8.55,8.21,0.34,4.14,37221.73,31328.7868
2298,000736.SZ,20130318,8.2,8.3,8.16,8.21,8.2,0.01,0.12,11322.49,9297.7431
2299,000736.SZ,20130315,8.27,8.31,8.05,8.2,8.27,-0.07,-0.85,19009.01,15538.4414
2300,000736.SZ,20130314,8.14,8.37,8.12,8.27,8.14,0.13,1.6,16902.87,14004.3403
2301,000736.SZ,20130313,8.16,8.18,8.05,8.14,8.13,0.01,0.12,10156.64,8250.0773
2302,000736.SZ,20130312,8.29,8.39,8.09,8.13,8.29,-0.16,-1.93,19868.35,16315.5215
2303,000736.SZ,20130311,8.21,8.34,8.15,8.29,8.23,0.06,0.73,11120.34,9191.3297
2304,000736.SZ,20130308,8.38,8.38,8.2,8.23,8.34,-0.11,-1.32,15716.0,13005.571
2305,000736.SZ,20130307,8.32,8.43,8.21,8.34,8.29,0.05,0.6,23475.03,19544.3525
2306,000736.SZ,20130306,8.24,8.3,8.16,8.29,8.21,0.08,0.97,23126.78,19078.4461
2307,000736.SZ,20130305,7.99,8.23,7.99,8.21,8.17,0.04,0.49,23750.39,19307.7639
2308,000736.SZ,20130304,8.8,8.8,8.17,8.17,9.08,-0.91,-10.02,47021.46,38955.0905
2309,000736.SZ,20130301,9.15,9.15,8.96,9.08,9.09,-0.01,-0.11,18475.8,16701.3294
2310,000736.SZ,20130228,8.9,9.2,8.87,9.09,8.82,0.27,3.06,29257.56,26512.5534
2311,000736.SZ,20130227,8.74,8.89,8.74,8.82,8.74,0.08,0.92,14697.46,12960.4979
2312,000736.SZ,20130226,8.85,8.95,8.73,8.74,9.03,-0.29,-3.21,22560.85,19987.1189
2313,000736.SZ,20130225,9.09,9.19,8.93,9.03,8.93,0.1,1.12,14507.29,13110.2384
2314,000736.SZ,20130222,8.89,9.06,8.89,8.93,8.94,-0.01,-0.11,17470.38,15683.1289
2315,000736.SZ,20130221,9.25,9.25,8.9,8.94,9.39,-0.45,-4.79,31951.12,29012.524
2316,000736.SZ,20130220,9.37,9.41,9.15,9.39,9.34,0.05,0.54,21810.14,20184.4708
2317,000736.SZ,20130219,9.58,9.62,9.29,9.34,9.63,-0.29,-3.01,26427.97,24856.114
2318,000736.SZ,20130218,9.52,9.66,9.5,9.63,9.52,0.11,1.16,29321.93,28152.3196
2319,000736.SZ,20130208,9.45,9.57,9.38,9.52,9.42,0.1,1.06,17809.13,16930.7337
2320,000736.SZ,20130207,9.43,9.49,9.38,9.42,9.46,-0.04,-0.42,15591.39,14692.4506
2321,000736.SZ,20130206,9.56,9.56,9.44,9.46,9.57,-0.11,-1.15,18168.44,17218.8829
2322,000736.SZ,20130205,9.26,9.69,9.17,9.57,9.26,0.31,3.35,35049.06,33212.7359
2323,000736.SZ,20130204,9.5,9.54,9.22,9.26,9.5,-0.24,-2.53,28909.48,26964.3831
2324,000736.SZ,20130201,9.45,9.56,9.4,9.5,9.45,0.05,0.53,23450.59,22208.2581
2325,000736.SZ,20130131,9.94,9.94,8.96,9.45,9.96,-0.51,-5.12,48113.55,45816.9484
2326,000736.SZ,20130130,9.79,9.96,9.73,9.96,9.78,0.18,1.84,32342.51,31914.2504
2327,000736.SZ,20130129,9.8,9.97,9.76,9.78,9.8,-0.02,-0.2,29442.72,29031.4509
2328,000736.SZ,20130128,9.46,9.84,9.46,9.8,9.5,0.3,3.16,24797.73,24057.7592
2329,000736.SZ,20130125,9.75,9.76,9.45,9.5,9.7,-0.2,-2.06,25295.15,24116.8387
2330,000736.SZ,20130124,10.15,10.24,9.62,9.7,10.09,-0.39,-3.87,50289.57,50110.6999
2331,000736.SZ,20130123,9.91,10.26,9.87,10.09,10.01,0.08,0.8,40907.06,41134.3824
2332,000736.SZ,20130122,10.25,10.25,9.91,10.01,10.29,-0.28,-2.72,47241.67,47522.5836
2333,000736.SZ,20130121,10.35,10.8,10.23,10.29,10.29,0.0,0.0,76176.46,79643.2447
2334,000736.SZ,20130118,9.86,10.3,9.83,10.29,9.89,0.4,4.04,72818.68,73756.7018
2335,000736.SZ,20130117,9.81,10.1,9.7,9.89,9.84,0.05,0.51,44138.26,43853.8538
2336,000736.SZ,20130116,10.02,10.04,9.72,9.84,10.1,-0.26,-2.57,46252.13,45595.5916
2337,000736.SZ,20130115,10.0,10.22,9.9,10.1,9.99,0.11,1.1,54930.82,55318.0292
2338,000736.SZ,20130114,9.67,10.05,9.58,9.99,9.67,0.32,3.31,47256.88,46476.5099
2339,000736.SZ,20130111,10.2,10.2,9.63,9.67,10.2,-0.53,-5.2,53484.62,52969.046
2340,000736.SZ,20130110,10.12,10.4,10.02,10.2,10.08,0.12,1.19,50128.97,51387.3068
2341,000736.SZ,20130109,10.2,10.35,9.95,10.08,10.24,-0.16,-1.56,44511.42,45383.0638
2342,000736.SZ,20130108,10.19,10.42,10.08,10.24,10.22,0.02,0.2,50556.5,51717.8432
2343,000736.SZ,20130107,10.25,10.3,10.11,10.22,10.35,-0.13,-1.26,48290.15,49158.3438
2344,000736.SZ,20130104,10.3,10.6,10.07,10.35,10.28,0.07,0.68,87372.73,90244.6499
2345,000736.SZ,20121231,9.81,10.69,9.81,10.28,9.73,0.55,5.65,118360.9,121387.8721
2346,000736.SZ,20121228,9.36,9.75,9.35,9.73,9.37,0.36,3.84,70768.03,68350.0862
2347,000736.SZ,20121227,9.61,9.69,9.36,9.37,9.6,-0.23,-2.4,41340.37,39162.3614
2348,000736.SZ,20121226,9.45,9.86,9.43,9.6,9.54,0.06,0.63,74558.52,71913.8609
2349,000736.SZ,20121225,9.05,9.86,9.0,9.54,9.08,0.46,5.07,83845.09,79819.4367
2350,000736.SZ,20121224,9.12,9.18,9.02,9.08,9.1,-0.02,-0.22,21954.88,19954.2808
2351,000736.SZ,20121221,9.35,9.35,9.06,9.1,9.28,-0.18,-1.94,37799.17,34843.4182
2352,000736.SZ,20121220,9.39,9.44,9.15,9.28,9.25,0.03,0.32,40404.91,37580.0859
2353,000736.SZ,20121219,9.1,9.36,9.07,9.25,9.23,0.02,0.22,37594.05,34609.948
2354,000736.SZ,20121218,9.3,9.55,9.11,9.23,9.41,-0.18,-1.91,54749.51,51154.6999
2355,000736.SZ,20121217,9.28,10.08,9.21,9.41,9.2,0.21,2.28,83505.75,79642.2009
2356,000736.SZ,20121214,8.78,9.37,8.76,9.2,8.8,0.4,4.55,69745.33,63844.5992
2357,000736.SZ,20121213,8.83,9.24,8.7,8.8,8.85,-0.05,-0.57,44425.44,39904.0698
2358,000736.SZ,20121212,8.86,8.97,8.67,8.85,8.87,-0.02,-0.23,34803.39,30625.6575
2359,000736.SZ,20121211,9.02,9.16,8.81,8.87,9.04,-0.17,-1.88,45453.01,40863.8356
2360,000736.SZ,20121210,8.76,9.27,8.68,9.04,8.76,0.28,3.2,58112.08,51926.0934
2361,000736.SZ,20121207,8.68,8.8,8.57,8.76,8.63,0.13,1.51,48454.57,42235.1613
2362,000736.SZ,20121206,8.61,8.82,8.55,8.63,8.77,-0.14,-1.6,52807.23,45786.4112
2363,000736.SZ,20121205,8.06,8.94,7.7,8.77,8.13,0.64,7.87,73882.73,63087.1881
2364,000736.SZ,20121204,8.01,8.17,7.71,8.13,8.08,0.05,0.62,34826.53,27524.1345
2365,000736.SZ,20121203,8.14,8.44,8.07,8.08,8.41,-0.33,-3.92,53420.75,43906.3731
2366,000736.SZ,20121130,7.75,8.46,7.68,8.41,7.69,0.72,9.36,75427.36,62980.5669
2367,000736.SZ,20121129,7.75,7.95,7.66,7.69,7.8,-0.11,-1.41,13153.47,10282.9872
2368,000736.SZ,20121128,8.16,8.26,7.73,7.8,8.27,-0.47,-5.68,22138.55,17485.6094
2369,000736.SZ,20121127,8.58,8.58,8.26,8.27,8.6,-0.33,-3.84,22581.47,18938.6555
2370,000736.SZ,20121126,8.84,8.88,8.56,8.6,8.83,-0.23,-2.6,23505.08,20353.3253
2371,000736.SZ,20121123,8.88,9.02,8.82,8.83,8.89,-0.06,-0.67,14286.64,12721.1113
2372,000736.SZ,20121122,9.1,9.1,8.83,8.89,9.17,-0.28,-3.05,21683.57,19429.3203
2373,000736.SZ,20121121,8.95,9.2,8.8,9.17,8.95,0.22,2.46,25213.24,22751.2805
2374,000736.SZ,20121120,9.06,9.15,8.92,8.95,8.97,-0.02,-0.22,17799.98,16076.126
2375,000736.SZ,20121119,8.84,9.09,8.72,8.97,8.88,0.09,1.01,18266.04,16218.4032
2376,000736.SZ,20121116,8.68,8.95,8.66,8.88,8.85,0.03,0.34,18992.27,16755.2512
2377,000736.SZ,20121115,8.93,9.2,8.83,8.85,9.04,-0.19,-2.1,26556.42,23958.5936
2378,000736.SZ,20121114,9.0,9.14,8.78,9.04,9.11,-0.07,-0.77,40870.42,36454.8027
2379,000736.SZ,20121113,9.86,9.96,9.01,9.11,9.96,-0.85,-8.53,57834.54,55192.0215
2380,000736.SZ,20121112,9.55,9.99,9.51,9.96,9.55,0.41,4.29,60668.45,59498.5802
2381,000736.SZ,20121109,9.53,9.68,9.38,9.55,9.55,0.0,0.0,39925.62,38027.297
2382,000736.SZ,20121108,9.53,10.2,9.4,9.55,9.68,-0.13,-1.34,83319.62,81867.2895
2383,000736.SZ,20121107,9.7,9.78,9.56,9.68,9.76,-0.08,-0.82,38343.92,37042.7631
2384,000736.SZ,20121106,9.78,9.86,9.53,9.76,9.97,-0.21,-2.11,60262.86,58421.9628
2385,000736.SZ,20121105,10.09,10.35,9.82,9.97,10.35,-0.38,-3.67,117882.06,118062.2954
2386,000736.SZ,20121102,9.43,10.38,9.25,10.35,9.44,0.91,9.64,166146.73,165680.948
2387,000736.SZ,20121101,8.92,9.7,8.86,9.44,8.87,0.57,6.43,69114.07,64932.7421
2388,000736.SZ,20121031,8.86,8.97,8.78,8.87,8.91,-0.04,-0.45,10747.2,9503.5358
2389,000736.SZ,20121030,8.71,8.98,8.71,8.91,8.79,0.12,1.37,13841.51,12292.8755
2390,000736.SZ,20121029,8.8,8.9,8.61,8.79,8.91,-0.12,-1.35,14728.94,12879.3372
2391,000736.SZ,20121026,9.2,9.26,8.78,8.91,9.17,-0.26,-2.84,28942.23,26239.752
2392,000736.SZ,20121025,9.34,9.43,9.15,9.17,9.32,-0.15,-1.61,29288.42,27065.8363
2393,000736.SZ,20121024,9.32,9.54,9.29,9.32,9.43,-0.11,-1.17,29231.55,27454.8419
2394,000736.SZ,20121023,9.4,9.79,9.38,9.43,9.45,-0.02,-0.21,56103.6,53903.9548
2395,000736.SZ,20121022,9.26,9.47,9.13,9.45,9.35,0.1,1.07,33285.79,30962.1292
2396,000736.SZ,20121019,9.38,9.59,9.32,9.35,9.44,-0.09,-0.95,32740.69,30840.8688
2397,000736.SZ,20121018,9.25,9.68,9.17,9.44,9.25,0.19,2.05,52882.85,49961.2528
2398,000736.SZ,20121017,9.35,9.45,9.15,9.25,9.48,-0.23,-2.43,45105.41,41706.5181
2399,000736.SZ,20121016,9.12,9.7,9.12,9.48,9.1,0.38,4.18,87006.75,82766.7829
2400,000736.SZ,20121015,9.07,9.26,9.0,9.1,8.88,0.22,2.48,34519.07,31458.0039
2401,000736.SZ,20121012,8.96,9.0,8.71,8.88,8.9,-0.02,-0.22,15402.75,13606.4118
2402,000736.SZ,20121011,9.1,9.1,8.89,8.9,9.11,-0.21,-2.31,22166.02,19883.2822
2403,000736.SZ,20121010,9.0,9.11,8.9,9.11,9.0,0.11,1.22,24810.3,22366.8954
2404,000736.SZ,20121009,8.75,9.07,8.75,9.0,8.75,0.25,2.86,24632.26,22033.3602
2405,000736.SZ,20121008,8.85,8.92,8.7,8.75,8.78,-0.03,-0.34,14961.79,13173.0742
2406,000736.SZ,20120928,8.61,8.81,8.55,8.78,8.61,0.17,1.97,18751.75,16397.0882
2407,000736.SZ,20120927,8.39,8.7,8.39,8.61,8.47,0.14,1.65,23905.35,20479.0585
2408,000736.SZ,20120926,8.82,8.9,8.38,8.47,8.89,-0.42,-4.72,22057.81,18995.5755
2409,000736.SZ,20120925,8.69,9.34,8.56,8.89,8.69,0.2,2.3,33429.59,30279.9792
2410,000736.SZ,20120924,8.55,8.73,8.3,8.69,8.77,-0.08,-0.91,20107.32,17142.3695
2411,000736.SZ,20120921,8.9,9.05,8.7,8.77,8.96,-0.19,-2.12,15270.23,13589.4334
2412,000736.SZ,20120920,9.39,9.39,8.91,8.96,9.39,-0.43,-4.58,20002.83,18227.4948
2413,000736.SZ,20120919,9.27,9.39,9.27,9.39,9.3,0.09,0.97,12035.73,11237.3577
2414,000736.SZ,20120918,9.24,9.4,9.07,9.3,9.32,-0.02,-0.21,14470.56,13431.4199
2415,000736.SZ,20120917,9.66,9.72,9.32,9.32,9.66,-0.34,-3.52,26702.0,25194.6859
2416,000736.SZ,20120914,9.96,10.03,9.5,9.66,9.85,-0.19,-1.93,36039.36,35010.5884
2417,000736.SZ,20120913,10.03,10.12,9.85,9.85,9.98,-0.13,-1.3,38418.36,38484.8127
2418,000736.SZ,20120912,9.96,10.07,9.83,9.98,9.9,0.08,0.81,31107.57,30926.1012
2419,000736.SZ,20120911,10.11,10.11,9.8,9.9,10.13,-0.23,-2.27,38414.36,38015.6088
2420,000736.SZ,20120910,9.95,10.24,9.83,10.13,9.95,0.18,1.81,52997.58,53497.1742
2421,000736.SZ,20120907,9.59,10.16,9.59,9.95,9.57,0.38,3.97,64660.2,64141.0033
2422,000736.SZ,20120906,9.49,9.66,9.46,9.57,9.52,0.05,0.53,26209.81,25003.2703
2423,000736.SZ,20120905,9.38,9.55,9.33,9.52,9.44,0.08,0.85,21568.62,20463.3286
2424,000736.SZ,20120904,9.43,9.77,9.43,9.44,9.51,-0.07,-0.74,35164.86,33691.9431
2425,000736.SZ,20120903,9.15,9.58,9.15,9.51,9.29,0.22,2.37,35405.49,33460.8652
2426,000736.SZ,20120831,9.22,9.35,9.09,9.29,9.21,0.08,0.87,25469.32,23497.9699
2427,000736.SZ,20120830,9.57,9.69,9.03,9.21,9.62,-0.41,-4.26,40271.24,37722.2703
2428,000736.SZ,20120829,9.85,10.02,9.6,9.62,9.94,-0.32,-3.22,36934.91,36257.0014
2429,000736.SZ,20120828,9.93,10.15,9.71,9.94,9.97,-0.03,-0.3,35953.49,35623.6902
2430,000736.SZ,20120827,9.75,10.19,9.7,9.97,9.9,0.07,0.71,53330.63,53295.0886
2431,000736.SZ,20120824,10.42,10.43,9.82,9.9,10.56,-0.66,-6.25,68900.21,69273.4674
2432,000736.SZ,20120823,10.76,10.77,10.41,10.56,10.93,-0.37,-3.39,84970.87,90009.5432
2433,000736.SZ,20120822,10.7,11.28,10.51,10.93,10.56,0.37,3.5,152882.05,166459.0467
2434,000736.SZ,20120821,9.86,10.56,9.86,10.56,9.6,0.96,10.0,110095.84,112569.7748
2435,000736.SZ,20120820,9.6,9.71,9.35,9.6,9.72,-0.12,-1.23,32894.18,31187.1332
2436,000736.SZ,20120817,9.85,9.95,9.57,9.72,9.83,-0.11,-1.12,23131.92,22480.962
2437,000736.SZ,20120816,9.8,10.05,9.73,9.83,9.88,-0.05,-0.51,19738.25,19530.1125
2438,000736.SZ,20120815,10.2,10.2,9.84,9.88,10.24,-0.36,-3.52,35550.75,35587.2922
2439,000736.SZ,20120814,9.94,10.25,9.5,10.24,10.0,0.24,2.4,61528.42,60672.6013
2440,000736.SZ,20120813,10.62,10.62,10.0,10.0,10.64,-0.64,-6.02,63566.38,64537.7717
2441,000736.SZ,20120810,10.79,10.94,10.6,10.64,10.87,-0.23,-2.12,49149.32,52673.378
2442,000736.SZ,20120809,10.7,11.0,10.6,10.87,10.7,0.17,1.59,83831.1,91107.9628
2443,000736.SZ,20120808,10.68,11.1,10.52,10.7,10.75,-0.05,-0.47,80873.91,87151.4386
2444,000736.SZ,20120807,10.14,11.15,10.12,10.75,10.19,0.56,5.5,121730.4,130242.6702
2445,000736.SZ,20120806,9.78,10.25,9.7,10.19,9.89,0.3,3.03,86902.55,87131.411
2446,000736.SZ,20120803,9.61,9.99,9.46,9.89,9.61,0.28,2.91,86345.48,84448.1337
2447,000736.SZ,20120802,10.36,10.36,9.45,9.61,10.43,-0.82,-7.86,116891.54,114894.826
2448,000736.SZ,20120801,10.35,10.58,10.25,10.43,10.36,0.07,0.68,57577.77,60014.7349
2449,000736.SZ,20120731,10.3,10.65,10.03,10.36,11.07,-0.71,-6.41,71954.85,74345.7686
2450,000736.SZ,20120730,12.33,12.34,11.07,11.07,12.3,-1.23,-10.0,111938.03,127535.2916
2451,000736.SZ,20120727,12.19,12.36,11.96,12.3,12.2,0.1,0.82,48096.68,58556.7323
2452,000736.SZ,20120726,12.55,12.92,12.13,12.2,12.58,-0.38,-3.02,59336.02,74013.4037
2453,000736.SZ,20120725,12.81,12.95,12.56,12.58,12.97,-0.39,-3.01,53280.64,67731.5522
2454,000736.SZ,20120724,12.81,13.36,12.7,12.97,12.97,0.0,0.0,63007.73,82417.3462
2455,000736.SZ,20120723,13.31,13.31,12.6,12.97,13.51,-0.54,-4.0,65168.86,84247.7604
2456,000736.SZ,20120720,13.75,13.88,13.46,13.51,13.98,-0.47,-3.36,78222.32,106621.9219
2457,000736.SZ,20120719,13.6,14.12,13.4,13.98,13.78,0.2,1.45,129230.29,177237.4121
2458,000736.SZ,20120718,13.21,14.25,13.13,13.78,13.38,0.4,2.99,175320.74,240593.6643
2459,000736.SZ,20120717,12.5,13.45,12.02,13.38,12.96,0.42,3.24,102662.06,131938.0791
2460,000736.SZ,20120716,13.11,13.72,12.91,12.96,12.81,0.15,1.17,143630.87,191344.6392
2461,000736.SZ,20120713,13.02,13.25,12.65,12.81,13.06,-0.25,-1.91,79546.54,102544.1255
2462,000736.SZ,20120712,12.5,13.47,12.5,13.06,12.74,0.32,2.51,125126.77,163303.6931
2463,000736.SZ,20120711,13.4,13.43,12.33,12.74,13.32,-0.58,-4.35,160106.29,205548.2161
2464,000736.SZ,20120710,11.9,13.32,11.78,13.32,12.11,1.21,9.99,129328.69,168077.2209
2465,000736.SZ,20120709,13.0,13.0,12.02,12.11,13.36,-1.25,-9.36,136468.36,172631.2383
2466,000736.SZ,20120706,13.3,13.98,13.0,13.36,12.82,0.54,4.21,216206.22,291104.2553
2467,000736.SZ,20120705,12.59,13.0,12.5,12.82,12.79,0.03,0.23,113906.18,145924.993
2468,000736.SZ,20120704,12.56,13.0,12.42,12.79,12.71,0.08,0.63,120137.81,152948.9456
2469,000736.SZ,20120703,13.35,13.58,12.6,12.71,13.12,-0.41,-3.13,149635.06,195495.4596
2470,000736.SZ,20120702,13.0,13.35,12.45,13.12,12.85,0.27,2.1,136905.23,177450.8332
2471,000736.SZ,20120629,12.84,13.12,12.25,12.85,12.88,-0.03,-0.23,131502.07,166566.5496
2472,000736.SZ,20120628,12.56,13.4,12.2,12.88,12.85,0.03,0.23,192172.32,247188.0547
2473,000736.SZ,20120627,12.38,13.55,12.2,12.85,12.38,0.47,3.8,259378.36,336390.3569
2474,000736.SZ,20120626,11.03,12.38,10.88,12.38,11.25,1.13,10.04,148499.64,175250.9576
2475,000736.SZ,20120625,11.18,11.36,10.85,11.25,11.18,0.07,0.63,91470.6,101988.2138
2476,000736.SZ,20120621,11.73,11.98,11.13,11.18,11.75,-0.57,-4.85,117241.44,135374.9432
2477,000736.SZ,20120620,11.84,11.95,11.6,11.75,12.01,-0.26,-2.16,77312.01,90846.4837
2478,000736.SZ,20120618,12.1,12.15,11.88,12.01,12.09,-0.08,-0.66,96264.56,115503.618
2479,000736.SZ,20120615,12.2,12.34,11.82,12.09,12.4,-0.31,-2.5,131707.86,158290.0421
2480,000736.SZ,20120614,11.94,12.77,11.94,12.4,11.94,0.46,3.85,260248.3,321505.3425
2481,000736.SZ,20120613,11.04,11.94,11.03,11.94,10.85,1.09,10.05,219844.58,257194.1975
2482,000736.SZ,20120612,9.8,10.85,9.7,10.85,9.86,0.99,10.04,107128.78,111938.5836
2483,000736.SZ,20120611,9.53,9.87,9.33,9.86,9.58,0.28,2.92,29399.16,28458.4886
2484,000736.SZ,20120608,9.76,9.96,9.52,9.58,9.52,0.06,0.63,33952.12,33170.5321
2485,000736.SZ,20120607,9.59,9.75,9.46,9.52,9.48,0.04,0.42,24366.1,23451.6252
2486,000736.SZ,20120606,9.46,9.58,9.33,9.48,9.46,0.02,0.21,17077.88,16117.6757
2487,000736.SZ,20120605,9.65,9.81,9.36,9.46,9.62,-0.16,-1.66,26266.26,25053.9677
2488,000736.SZ,20120604,10.01,10.05,9.62,9.62,10.2,-0.58,-5.69,31543.61,31112.6884
2489,000736.SZ,20120601,10.1,10.27,9.98,10.2,10.14,0.06,0.59,36031.66,36366.1181
2490,000736.SZ,20120531,10.1,10.27,10.05,10.14,10.3,-0.16,-1.55,34797.33,35263.3175
2491,000736.SZ,20120530,10.38,10.51,10.21,10.3,10.24,0.06,0.59,49791.88,51629.7352
2492,000736.SZ,20120529,10.12,10.47,10.03,10.24,10.12,0.12,1.19,64282.7,66107.3284
2493,000736.SZ,20120528,9.64,10.15,9.56,10.12,9.62,0.5,5.2,52684.43,52193.1987
2494,000736.SZ,20120525,9.8,9.93,9.58,9.62,9.9,-0.28,-2.83,33450.89,32501.6363
2495,000736.SZ,20120524,10.22,10.29,9.69,9.9,10.2,-0.3,-2.94,58912.46,58685.324
2496,000736.SZ,20120523,10.29,10.47,10.05,10.2,10.29,-0.09,-0.87,57613.82,59056.6986
2497,000736.SZ,20120522,10.15,10.37,10.03,10.29,10.19,0.1,0.98,53561.99,54569.2589
2498,000736.SZ,20120521,10.66,10.88,10.18,10.19,10.37,-0.18,-1.74,71010.53,74607.783
2499,000736.SZ,20120518,10.5,10.63,10.12,10.37,10.69,-0.32,-2.99,51527.45,53384.0822
2500,000736.SZ,20120517,10.32,10.76,10.09,10.69,10.22,0.47,4.6,73898.1,77546.9912
2501,000736.SZ,20120516,10.27,10.53,10.13,10.22,10.37,-0.15,-1.45,51397.41,53208.5968
2502,000736.SZ,20120515,9.93,10.45,9.62,10.37,10.09,0.28,2.78,60164.48,60340.4103
2503,000736.SZ,20120514,10.1,10.77,10.07,10.09,9.91,0.18,1.82,89701.14,93206.6885
2504,000736.SZ,20120511,10.11,10.37,9.91,9.91,10.16,-0.25,-2.46,50352.8,51050.8103
2505,000736.SZ,20120510,10.03,10.28,9.92,10.16,10.2,-0.04,-0.39,47360.04,48017.853
2506,000736.SZ,20120509,10.41,10.43,10.11,10.2,10.5,-0.3,-2.86,60360.56,61676.5192
2507,000736.SZ,20120508,10.7,10.78,10.33,10.5,10.83,-0.33,-3.05,74974.01,78979.7451
2508,000736.SZ,20120507,10.4,10.91,10.18,10.83,10.71,0.12,1.12,112741.8,119060.2396
2509,000736.SZ,20120504,9.97,11.03,9.8,10.71,10.03,0.68,6.78,166916.6,178994.1788
2510,000736.SZ,20120503,9.45,10.08,9.33,10.03,9.74,0.29,2.98,113005.88,109397.567
2511,000736.SZ,20120502,9.52,10.28,9.52,9.74,9.43,0.31,3.29,128608.61,127623.5215
2512,000736.SZ,20120427,10.1,10.11,9.11,9.43,9.89,-0.46,-4.65,125707.46,120272.449
2513,000736.SZ,20120426,9.4,9.89,9.4,9.89,8.99,0.9,10.01,147731.89,143601.5147
2514,000736.SZ,20120425,8.1,8.99,7.96,8.99,8.17,0.82,10.04,135031.59,120170.7702
2515,000736.SZ,20120424,8.12,8.21,7.7,8.17,8.3,-0.13,-1.57,42585.03,34047.5446
2516,000736.SZ,20120423,8.38,8.68,8.22,8.3,7.97,0.33,4.14,78991.65,66568.2416
2517,000736.SZ,20120419,8.11,8.13,7.95,7.97,8.1,-0.13,-1.6,17199.31,13816.9521
2518,000736.SZ,20120418,8.01,8.13,7.85,8.1,8.0,0.1,1.25,30308.02,24324.6071
2519,000736.SZ,20120417,8.2,8.29,7.95,8.0,8.41,-0.41,-4.88,40663.61,32871.5297
2520,000736.SZ,20120416,8.05,8.66,8.0,8.41,7.87,0.54,6.86,76643.04,64105.4174
2521,000736.SZ,20120413,7.95,8.19,7.79,7.87,7.85,0.02,0.25,24340.92,19462.7163
2522,000736.SZ,20120412,7.7,7.98,7.58,7.85,7.72,0.13,1.68,20622.64,16049.429
2523,000736.SZ,20120411,7.58,7.87,7.41,7.72,7.54,0.18,2.39,25643.95,19685.7937
2524,000736.SZ,20120410,7.35,7.7,7.25,7.54,7.47,0.07,0.94,9168.83,6804.8874
2525,000736.SZ,20120409,7.42,7.6,7.37,7.47,7.48,-0.01,-0.13,8625.0,6462.8965
2526,000736.SZ,20120406,7.4,7.55,7.34,7.48,7.38,0.1,1.36,9676.39,7233.427
2527,000736.SZ,20120405,7.15,7.45,7.15,7.38,7.17,0.21,2.93,6807.0,4985.2297
2528,000736.SZ,20120330,7.22,7.35,7.08,7.17,7.23,-0.06,-0.83,8551.09,6126.4598
2529,000736.SZ,20120329,7.56,7.63,7.2,7.23,7.5,-0.27,-3.6,15110.91,11223.8871
2530,000736.SZ,20120328,7.95,7.96,7.5,7.5,7.95,-0.45,-5.66,6638.91,5114.4483
2531,000736.SZ,20120327,8.02,8.08,7.92,7.95,7.97,-0.02,-0.25,8017.08,6401.6102
2532,000736.SZ,20120326,7.87,8.04,7.8,7.97,7.86,0.11,1.4,3581.39,2841.9827
2533,000736.SZ,20120323,8.03,8.17,7.85,7.86,8.19,-0.33,-4.03,8060.13,6446.8568
2534,000736.SZ,20120322,8.2,8.3,8.0,8.19,8.34,-0.15,-1.8,10709.29,8731.8324
2535,000736.SZ,20120321,8.17,8.55,8.17,8.34,8.18,0.16,1.96,15151.07,12618.7892
2536,000736.SZ,20120320,8.12,8.35,8.0,8.18,8.1,0.08,0.99,11345.94,9290.413
2537,000736.SZ,20120319,8.01,8.14,7.9,8.1,8.03,0.07,0.87,7321.13,5895.7782
2538,000736.SZ,20120316,7.8,8.08,7.79,8.03,7.8,0.23,2.95,8849.37,7063.797
2539,000736.SZ,20120315,8.2,8.33,7.79,7.8,8.24,-0.44,-5.34,16429.29,13009.3616
2540,000736.SZ,20120314,8.81,8.94,8.02,8.24,8.86,-0.62,-7.0,19521.61,16890.9941
2541,000736.SZ,20120313,8.81,8.9,8.71,8.86,8.81,0.05,0.57,11193.79,9854.1453
2542,000736.SZ,20120312,9.0,9.03,8.75,8.81,9.07,-0.26,-2.87,13271.19,11725.459
2543,000736.SZ,20120309,9.09,9.09,8.81,9.07,9.09,-0.02,-0.22,17736.01,15870.7261
2544,000736.SZ,20120308,8.86,9.15,8.86,9.09,8.91,0.18,2.02,24213.4,21867.6638
2545,000736.SZ,20120307,8.85,9.05,8.8,8.91,9.0,-0.09,-1.0,13813.33,12342.0033
2546,000736.SZ,20120306,9.0,9.07,8.8,9.0,9.07,-0.07,-0.77,11010.74,9867.4502
2547,000736.SZ,20120305,9.15,9.2,8.9,9.07,9.17,-0.1,-1.09,17730.75,16044.7251
2548,000736.SZ,20120302,8.83,9.3,8.81,9.17,8.93,0.24,2.69,33562.71,30621.6805
2549,000736.SZ,20120301,8.85,8.95,8.62,8.93,8.92,0.01,0.11,14618.95,12936.0357
2550,000736.SZ,20120229,9.06,9.2,8.8,8.92,9.18,-0.26,-2.83,43747.06,39424.7245
2551,000736.SZ,20120228,8.79,9.2,8.58,9.18,8.89,0.29,3.26,39875.34,35389.7308
2552,000736.SZ,20120227,8.58,9.14,8.47,8.89,8.6,0.29,3.37,86180.74,77135.8058
2553,000736.SZ,20120224,8.2,8.87,8.09,8.6,8.2,0.4,4.88,63074.19,53892.734
2554,000736.SZ,20120223,8.05,8.35,8.05,8.2,8.11,0.09,1.11,31750.7,26120.919
2555,000736.SZ,20120222,8.0,8.29,7.98,8.11,8.05,0.06,0.75,38192.94,31185.7941
2556,000736.SZ,20120221,8.01,8.07,7.75,8.05,8.03,0.02,0.25,23231.52,18482.9518
2557,000736.SZ,20120220,8.08,8.11,7.9,8.03,7.97,0.06,0.75,28942.5,23226.3615
2558,000736.SZ,20120217,8.13,8.2,7.92,7.97,8.2,-0.23,-2.8,35141.0,28170.0081
2559,000736.SZ,20120216,8.16,8.23,8.06,8.2,8.29,-0.09,-1.09,40663.4,33094.8257
2560,000736.SZ,20120215,8.08,8.47,8.0,8.29,7.91,0.38,4.8,72048.66,59065.8504
2561,000736.SZ,20120214,7.17,7.91,7.13,7.91,7.19,0.72,10.01,42162.42,32323.5416
2562,000736.SZ,20120213,7.02,7.28,7.02,7.19,7.25,-0.06,-0.83,11087.4,7945.3215
2563,000736.SZ,20120210,7.12,7.36,7.01,7.25,7.12,0.13,1.83,15434.6,11211.8698
2564,000736.SZ,20120209,7.01,7.42,6.99,7.12,7.02,0.1,1.42,17117.51,12339.9935
2565,000736.SZ,20120208,6.88,7.06,6.84,7.02,6.84,0.18,2.63,7645.93,5332.6971
2566,000736.SZ,20120207,7.03,7.03,6.8,6.84,7.09,-0.25,-3.53,5845.39,4026.1599
2567,000736.SZ,20120206,7.02,7.12,6.96,7.09,7.02,0.07,1.0,7917.4,5569.9911
2568,000736.SZ,20120203,6.86,7.11,6.86,7.02,6.94,0.08,1.15,10364.09,7277.647
2569,000736.SZ,20120202,6.85,6.94,6.78,6.94,6.86,0.08,1.17,5087.36,3498.03
2570,000736.SZ,20120201,6.83,6.97,6.8,6.86,6.96,-0.1,-1.44,4870.42,3363.9105
2571,000736.SZ,20120131,6.84,6.99,6.81,6.96,6.88,0.08,1.16,5149.74,3543.5389
2572,000736.SZ,20120130,6.9,6.95,6.81,6.88,6.98,-0.1,-1.43,6071.47,4186.938
2573,000736.SZ,20120120,6.65,7.11,6.63,6.98,6.66,0.32,4.8,20375.23,14022.9518
2574,000736.SZ,20120119,6.61,6.67,6.4,6.66,6.79,-0.13,-1.91,18914.29,12393.7406
2575,000736.SZ,20120118,6.87,7.07,6.75,6.79,6.43,0.36,5.6,26406.88,18417.5612
2576,000736.SZ,20120116,6.66,6.68,6.42,6.43,6.7,-0.27,-4.03,2744.39,1802.3346
2577,000736.SZ,20120113,7.05,7.07,6.66,6.7,7.05,-0.35,-4.96,7266.1,4943.7934
2578,000736.SZ,20120112,7.03,7.28,7.01,7.05,7.07,-0.02,-0.28,7657.94,5469.4987
2579,000736.SZ,20120111,7.38,7.38,7.04,7.07,7.19,-0.12,-1.67,9812.2,7012.8275
2580,000736.SZ,20120110,6.89,7.19,6.81,7.19,6.88,0.31,4.51,13728.55,9624.1835
2581,000736.SZ,20120109,6.68,6.89,6.6,6.88,6.68,0.2,2.99,8448.56,5726.9704
2582,000736.SZ,20120106,6.5,6.68,6.25,6.68,6.54,0.14,2.14,4539.6,2934.3878
2583,000736.SZ,20120105,6.7,6.71,6.52,6.54,6.76,-0.22,-3.25,5319.98,3516.0756
2584,000736.SZ,20120104,6.99,7.09,6.74,6.76,7.05,-0.29,-4.11,4370.57,3026.7546
2585,000736.SZ,20111230,6.79,7.41,6.75,7.05,6.74,0.31,4.6,14546.33,10314.6544
2586,000736.SZ,20111229,6.72,6.85,6.7,6.74,6.78,-0.04,-0.59,3066.26,2070.8317
2587,000736.SZ,20111228,6.61,6.78,6.52,6.78,6.7,0.08,1.19,4270.66,2841.6594
2588,000736.SZ,20111227,6.85,6.9,6.6,6.7,6.9,-0.2,-2.9,5445.44,3687.5808
2589,000736.SZ,20111226,6.96,7.08,6.88,6.9,7.01,-0.11,-1.57,3259.25,2268.2383
2590,000736.SZ,20111223,6.72,7.01,6.72,7.01,6.88,0.13,1.89,9245.14,6405.8582
2591,000736.SZ,20111222,7.1,7.1,6.65,6.88,7.19,-0.31,-4.31,14151.26,9679.1943
2592,000736.SZ,20111221,7.4,7.46,7.08,7.19,7.4,-0.21,-2.84,15166.52,10961.4913
2593,000736.SZ,20111220,7.26,7.62,7.21,7.4,7.32,0.08,1.09,19608.96,14581.1585
2594,000736.SZ,20111219,7.31,7.42,7.0,7.32,7.4,-0.08,-1.08,14673.77,10604.819
2595,000736.SZ,20111216,7.19,7.4,7.0,7.4,7.19,0.21,2.92,13226.88,9519.7348
2596,000736.SZ,20111215,7.21,7.4,6.89,7.19,7.41,-0.22,-2.97,21729.32,15567.0346
2597,000736.SZ,20111214,7.34,7.6,7.31,7.41,7.48,-0.07,-0.94,14260.49,10684.0594
2598,000736.SZ,20111213,7.59,7.68,7.18,7.48,7.98,-0.5,-6.27,23866.96,17801.7337
2599,000736.SZ,20111209,8.23,8.23,7.96,7.98,8.31,-0.33,-3.97,25504.53,20581.7136
2600,000736.SZ,20111208,8.2,8.49,7.91,8.31,8.09,0.22,2.72,61928.53,50597.9499
2601,000736.SZ,20111207,7.5,8.09,7.5,8.09,7.35,0.74,10.07,25267.05,20208.4512
2602,000736.SZ,20111206,7.4,7.4,7.26,7.35,7.34,0.01,0.14,4176.61,3062.8004
2603,000736.SZ,20111205,7.7,7.7,7.32,7.34,7.73,-0.39,-5.05,4848.4,3631.7979
2604,000736.SZ,20111202,7.8,7.8,7.6,7.73,7.79,-0.06,-0.77,11146.43,8587.0211
2605,000736.SZ,20111201,7.76,8.0,7.76,7.79,7.62,0.17,2.23,14108.93,11109.4593
2606,000736.SZ,20111130,7.97,7.97,7.62,7.62,7.96,-0.34,-4.27,12393.24,9631.1426
2607,000736.SZ,20111129,7.86,8.03,7.79,7.96,7.83,0.13,1.66,9790.66,7735.7084
2608,000736.SZ,20111128,7.77,7.89,7.76,7.83,7.78,0.05,0.64,6959.06,5432.4636
2609,000736.SZ,20111125,7.95,8.04,7.76,7.78,7.92,-0.14,-1.77,9169.58,7209.0343
2610,000736.SZ,20111124,7.85,8.05,7.72,7.92,7.89,0.03,0.38,8892.2,6994.0485
2611,000736.SZ,20111123,7.96,7.99,7.86,7.89,7.96,-0.07,-0.88,6106.28,4838.1309
2612,000736.SZ,20111122,7.9,7.97,7.83,7.96,7.96,0.0,0.0,6151.41,4872.2249
2613,000736.SZ,20111121,7.95,7.98,7.75,7.96,7.95,0.01,0.13,9841.72,7737.5597
2614,000736.SZ,20111118,8.22,8.26,7.88,7.95,8.29,-0.34,-4.1,16405.84,13182.6459
2615,000736.SZ,20111117,8.28,8.37,8.18,8.29,8.21,0.08,0.97,13321.36,11023.6132
2616,000736.SZ,20111116,8.61,8.65,8.13,8.21,8.6,-0.39,-4.53,24093.14,20326.7949
2617,000736.SZ,20111115,8.71,8.85,8.52,8.6,8.64,-0.04,-0.46,32180.2,27772.8267
2618,000736.SZ,20111111,8.55,8.66,8.49,8.64,8.58,0.06,0.7,27681.75,23790.2311
2619,000736.SZ,20111110,8.72,8.74,8.47,8.58,8.86,-0.28,-3.16,51387.47,44300.0577
2620,000736.SZ,20111109,8.08,8.86,7.98,8.86,8.05,0.81,10.06,81233.47,70408.865
2621,000736.SZ,20111108,8.39,8.39,8.05,8.05,8.4,-0.35,-4.17,9820.65,8073.4212
2622,000736.SZ,20111107,8.38,8.48,8.32,8.4,8.39,0.01,0.12,6772.13,5679.1964
2623,000736.SZ,20111104,8.33,8.39,8.22,8.39,8.25,0.14,1.7,10783.09,8955.1416
2624,000736.SZ,20111103,8.22,8.54,8.22,8.25,8.21,0.04,0.49,17083.82,14312.0696
2625,000736.SZ,20111102,8.07,8.25,7.96,8.21,8.19,0.02,0.24,12688.54,10305.3255
2626,000736.SZ,20111101,8.1,8.25,8.0,8.19,8.2,-0.01,-0.12,14687.95,11919.8009
2627,000736.SZ,20111031,8.31,8.31,8.1,8.2,8.3,-0.1,-1.2,14500.35,11840.8841
2628,000736.SZ,20111028,8.4,8.58,8.18,8.3,8.15,0.15,1.84,17521.41,14606.6229
2629,000736.SZ,20111027,8.05,8.25,8.03,8.15,8.06,0.09,1.12,9375.43,7644.7028
2630,000736.SZ,20111026,7.94,8.2,7.94,8.06,8.03,0.03,0.37,9408.66,7620.0029
2631,000736.SZ,20111025,7.87,8.04,7.73,8.03,7.84,0.19,2.42,7591.34,6009.3377
2632,000736.SZ,20111024,7.87,7.88,7.63,7.84,7.79,0.05,0.64,6875.54,5352.7237
2633,000736.SZ,20111021,8.03,8.03,7.6,7.79,7.87,-0.08,-1.02,5730.18,4428.8365
2634,000736.SZ,20111020,8.7,8.7,7.87,7.87,8.62,-0.75,-8.7,12849.43,10420.7389
2635,000736.SZ,20111019,8.68,8.8,8.61,8.62,8.7,-0.08,-0.92,2447.22,2126.9984
2636,000736.SZ,20111018,8.88,8.89,8.53,8.7,8.9,-0.2,-2.25,7562.27,6558.914
2637,000736.SZ,20111017,8.85,8.95,8.75,8.9,8.8,0.1,1.14,8569.02,7590.7816
2638,000736.SZ,20111014,8.81,9.04,8.75,8.8,8.82,-0.02,-0.23,8861.59,7868.821
2639,000736.SZ,20111013,8.77,8.86,8.74,8.82,8.73,0.09,1.03,9261.76,8157.1717
2640,000736.SZ,20111012,8.58,8.86,8.42,8.73,8.59,0.14,1.63,12733.31,11103.4262
2641,000736.SZ,20111011,8.99,9.14,8.5,8.59,8.81,-0.22,-2.5,7694.97,6778.7882
2642,000736.SZ,20111010,8.88,8.95,8.71,8.81,8.88,-0.07,-0.79,3574.4,3143.9849
2643,000736.SZ,20110930,8.9,9.0,8.78,8.88,8.9,-0.02,-0.22,4839.51,4295.417
2644,000736.SZ,20110929,9.0,9.12,8.81,8.9,9.0,-0.1,-1.11,7093.91,6368.2978
2645,000736.SZ,20110928,9.2,9.33,9.0,9.0,9.13,-0.13,-1.42,5783.03,5290.1411
2646,000736.SZ,20110927,9.22,9.28,9.1,9.13,9.15,-0.02,-0.22,6762.7,6187.9241
2647,000736.SZ,20110926,9.6,9.6,9.12,9.15,9.51,-0.36,-3.79,9830.3,9165.6816
2648,000736.SZ,20110923,9.71,9.76,9.41,9.51,9.81,-0.3,-3.06,9586.21,9177.3165
2649,000736.SZ,20110922,10.15,10.26,9.81,9.81,10.2,-0.39,-3.82,12032.23,12068.7929
2650,000736.SZ,20110921,10.04,10.27,9.93,10.2,10.0,0.2,2.0,17949.61,18224.6772
2651,000736.SZ,20110920,10.02,10.16,9.91,10.0,10.02,-0.02,-0.2,11447.15,11470.5701
2652,000736.SZ,20110919,10.0,10.08,9.85,10.02,10.06,-0.04,-0.4,16807.0,16805.4622
2653,000736.SZ,20110916,10.17,10.27,10.05,10.06,10.12,-0.06,-0.59,11766.08,11928.1742
2654,000736.SZ,20110915,10.14,10.23,10.0,10.12,10.03,0.09,0.9,14784.15,14908.3828
2655,000736.SZ,20110914,10.05,10.09,9.8,10.03,9.98,0.05,0.5,6326.49,6292.0989
2656,000736.SZ,20110913,10.12,10.3,9.8,9.98,10.46,-0.48,-4.59,24343.29,24314.5107
2657,000736.SZ,20110909,10.4,10.57,10.34,10.46,10.4,0.06,0.58,7289.32,7613.0736
2658,000736.SZ,20110908,10.7,10.9,10.35,10.4,10.68,-0.28,-2.62,16608.76,17554.6741
2659,000736.SZ,20110907,9.99,10.88,9.99,10.68,9.99,0.69,6.91,17563.06,18227.9399
2660,000736.SZ,20110906,10.18,10.19,9.94,9.99,10.18,-0.19,-1.87,9524.49,9558.5745
2661,000736.SZ,20110905,10.37,10.46,10.18,10.18,10.52,-0.34,-3.23,7802.13,8025.7666
2662,000736.SZ,20110902,10.61,10.73,10.47,10.52,10.65,-0.13,-1.22,6546.2,6911.178
2663,000736.SZ,20110901,10.99,10.99,10.64,10.65,10.88,-0.23,-2.11,12306.1,13275.7386
2664,000736.SZ,20110831,10.97,10.97,10.63,10.88,10.93,-0.05,-0.46,12607.32,13616.9847
2665,000736.SZ,20110830,11.25,11.37,10.89,10.93,11.21,-0.28,-2.5,15091.52,16765.6674
2666,000736.SZ,20110829,11.08,11.36,11.03,11.21,11.17,0.04,0.36,16557.35,18546.04
2667,000736.SZ,20110826,11.21,11.24,11.0,11.17,11.31,-0.14,-1.24,25069.76,27901.2421
2668,000736.SZ,20110825,11.21,11.43,11.11,11.31,11.21,0.1,0.89,21927.15,24710.2668
2669,000736.SZ,20110824,11.28,11.33,11.08,11.21,11.15,0.06,0.54,12796.39,14288.0793
2670,000736.SZ,20110823,10.91,11.28,10.88,11.15,10.89,0.26,2.39,14734.65,16342.4394
2671,000736.SZ,20110822,11.2,11.42,10.88,10.89,11.05,-0.16,-1.45,22402.51,24923.6795
2672,000736.SZ,20110819,11.18,11.18,10.68,11.05,11.33,-0.28,-2.47,24924.89,27421.7905
2673,000736.SZ,20110818,11.71,11.92,11.2,11.33,11.7,-0.37,-3.16,36032.05,41744.7683
2674,000736.SZ,20110817,11.6,12.17,11.6,11.7,11.75,-0.05,-0.43,40882.1,48674.655
2675,000736.SZ,20110816,12.01,12.18,11.58,11.75,12.2,-0.45,-3.69,60788.07,72140.9268
2676,000736.SZ,20110815,11.1,12.2,11.0,12.2,11.09,1.11,10.01,81762.85,95945.2254
2677,000736.SZ,20110812,10.85,11.12,10.61,11.09,10.7,0.39,3.64,30665.2,33439.9276
2678,000736.SZ,20110811,10.49,10.81,10.12,10.7,10.68,0.02,0.19,16040.99,16970.8761
2679,000736.SZ,20110810,10.7,10.95,10.63,10.68,10.68,0.0,0.0,29746.61,32123.6596
2680,000736.SZ,20110809,10.18,10.82,9.75,10.68,10.83,-0.15,-1.39,30049.27,30681.2758
2681,000736.SZ,20110808,11.0,11.45,10.41,10.83,10.86,-0.03,-0.28,40068.54,44225.5036
2682,000736.SZ,20110805,10.8,11.45,10.13,10.86,11.05,-0.19,-1.72,16193.3,17658.7717
2683,000736.SZ,20110804,10.91,11.22,10.77,11.05,10.99,0.06,0.55,14367.77,15930.513
2684,000736.SZ,20110803,10.7,11.13,10.69,10.99,10.72,0.27,2.52,17528.97,19282.3406
2685,000736.SZ,20110802,10.98,10.98,10.6,10.72,10.9,-0.18,-1.65,9946.02,10660.2113
2686,000736.SZ,20110801,10.86,11.11,10.7,10.9,10.7,0.2,1.87,15800.16,17279.8541
2687,000736.SZ,20110729,10.81,10.83,10.65,10.7,10.78,-0.08,-0.74,7451.82,7992.5174
2688,000736.SZ,20110728,10.5,10.79,10.48,10.78,10.78,0.0,0.0,10943.69,11662.7399
2689,000736.SZ,20110727,10.65,10.87,10.47,10.78,10.65,0.13,1.22,9471.26,10080.3041
2690,000736.SZ,20110726,10.6,10.76,10.42,10.65,10.69,-0.04,-0.37,10505.83,11153.5685
2691,000736.SZ,20110725,10.89,11.05,10.57,10.69,10.98,-0.29,-2.64,13479.38,14522.6306
2692,000736.SZ,20110722,10.9,11.0,10.71,10.98,10.93,0.05,0.46,9945.61,10819.4636
2693,000736.SZ,20110721,10.7,10.95,10.66,10.93,10.8,0.13,1.2,10806.21,11670.8751
2694,000736.SZ,20110720,10.73,10.82,10.51,10.8,10.63,0.17,1.6,9570.96,10233.3418
2695,000736.SZ,20110719,10.97,10.99,10.6,10.63,11.09,-0.46,-4.15,15239.46,16340.0724
2696,000736.SZ,20110718,11.4,11.59,11.0,11.09,11.3,-0.21,-1.86,14879.18,16559.5061
2697,000736.SZ,20110715,11.12,11.31,10.93,11.3,11.15,0.15,1.35,31604.9,35532.1005
2698,000736.SZ,20110714,10.96,11.33,10.86,11.15,10.92,0.23,2.11,22125.68,24585.8299
2699,000736.SZ,20110713,10.71,10.97,10.69,10.92,10.76,0.16,1.49,14945.52,16179.609
2700,000736.SZ,20110712,10.93,10.93,10.73,10.76,10.97,-0.21,-1.91,12460.49,13447.5995
2701,000736.SZ,20110711,10.87,11.04,10.7,10.97,10.92,0.05,0.46,19440.6,21305.6659
2702,000736.SZ,20110708,10.71,11.05,10.62,10.92,10.71,0.21,1.96,18751.92,20430.3554
2703,000736.SZ,20110707,10.8,10.95,10.69,10.71,11.02,-0.31,-2.81,30374.01,32869.2979
2704,000736.SZ,20110706,10.18,11.19,10.14,11.02,10.17,0.85,8.36,78267.75,85312.6758
2705,000736.SZ,20110705,10.32,10.35,10.12,10.17,10.27,-0.1,-0.97,14092.13,14367.7734
2706,000736.SZ,20110704,10.15,10.34,10.1,10.27,10.16,0.11,1.08,18742.95,19112.7682
2707,000736.SZ,20110701,10.3,10.3,10.12,10.16,10.3,-0.14,-1.36,18686.65,19034.7348
2708,000736.SZ,20110630,10.16,10.33,10.12,10.3,10.16,0.14,1.38,20139.6,20635.0055
2709,000736.SZ,20110629,9.97,10.36,9.86,10.16,10.03,0.13,1.3,22089.02,22518.3198
2710,000736.SZ,20110628,9.91,10.25,9.74,10.03,9.9,0.13,1.31,15549.09,15582.9154
2711,000736.SZ,20110627,9.67,10.06,9.63,9.9,9.67,0.23,2.38,23379.89,23203.4919
2712,000736.SZ,20110624,9.39,9.79,9.39,9.67,9.52,0.15,1.58,24716.5,23792.0573
2713,000736.SZ,20110623,9.45,9.6,9.41,9.52,9.41,0.11,1.17,16795.31,15987.3935
2714,000736.SZ,20110622,9.68,9.68,9.35,9.41,9.75,-0.34,-3.49,15331.46,14536.0222
2715,000736.SZ,20110621,9.18,10.03,9.04,9.75,9.12,0.63,6.91,21792.2,21053.4959
2716,000736.SZ,20110620,9.04,9.22,8.8,9.12,9.1,0.02,0.22,5168.8,4672.9063
2717,000736.SZ,20110617,9.17,9.34,9.1,9.1,9.24,-0.14,-1.52,6572.0,6057.0014
2718,000736.SZ,20110616,9.46,9.51,9.2,9.24,9.6,-0.36,-3.75,10394.18,9668.1328
2719,000736.SZ,20110615,9.69,9.72,9.5,9.6,9.73,-0.13,-1.34,16411.08,15790.4932
2720,000736.SZ,20110614,9.52,9.8,9.52,9.73,9.55,0.18,1.88,14819.04,14375.4261
2721,000736.SZ,20110613,9.38,9.56,9.27,9.55,9.51,0.04,0.42,6513.97,6125.9832
2722,000736.SZ,20110610,9.6,9.7,9.3,9.51,9.64,-0.13,-1.35,13142.82,12452.8357
2723,000736.SZ,20110609,10.13,10.15,9.64,9.64,10.13,-0.49,-4.84,16794.91,16586.844
2724,000736.SZ,20110608,10.08,10.23,9.96,10.13,10.22,-0.09,-0.88,20196.91,20399.1147
2725,000736.SZ,20110607,9.81,10.22,9.61,10.22,10.05,0.17,1.69,20913.08,20663.9119
2726,000736.SZ,20110603,9.78,10.5,9.78,10.05,9.83,0.22,2.24,28693.23,29195.1342
2727,000736.SZ,20110602,9.89,10.23,9.66,9.83,9.74,0.09,0.92,36125.06,35927.1646
2728,000736.SZ,20110601,8.96,9.74,8.96,9.74,8.85,0.89,10.06,12601.96,12020.2481
2729,000736.SZ,20110530,9.08,9.18,8.7,8.85,9.24,-0.39,-4.22,6494.72,5823.4763
2730,000736.SZ,20110527,9.63,9.63,9.23,9.24,9.62,-0.38,-3.95,9562.27,9065.0732
2731,000736.SZ,20110526,9.51,9.82,9.46,9.62,9.51,0.11,1.16,11411.22,11038.8109
2732,000736.SZ,20110525,9.4,9.55,9.32,9.51,9.46,0.05,0.53,10242.12,9660.3008
2733,000736.SZ,20110524,9.35,9.47,9.03,9.46,9.39,0.07,0.75,10960.46,10107.5836
2734,000736.SZ,20110523,10.01,10.09,9.3,9.39,10.04,-0.65,-6.47,17070.81,16461.4878
2735,000736.SZ,20110520,10.2,10.34,9.93,10.04,10.28,-0.24,-2.33,19216.8,19373.874
2736,000736.SZ,20110519,10.6,10.63,10.21,10.28,10.6,-0.32,-3.02,19883.11,20738.6649
2737,000736.SZ,20110518,10.5,10.74,10.33,10.6,10.55,0.05,0.47,27613.69,28979.1467
2738,000736.SZ,20110517,10.35,10.86,10.31,10.55,10.53,0.02,0.19,36668.32,38954.9402
2739,000736.SZ,20110516,10.5,10.64,10.11,10.53,10.49,0.04,0.38,51793.29,54084.6104
2740,000736.SZ,20110513,9.53,10.49,9.53,10.49,9.54,0.95,9.96,57027.17,58265.0894
2741,000736.SZ,20110512,9.65,9.72,9.54,9.54,9.71,-0.17,-1.75,6780.72,6530.7536
2742,000736.SZ,20110511,9.62,9.75,9.51,9.71,9.58,0.13,1.36,6892.79,6631.0183
2743,000736.SZ,20110510,9.48,9.6,9.43,9.58,9.46,0.12,1.27,6279.73,5979.7882
2744,000736.SZ,20110509,9.46,9.51,9.39,9.46,9.46,0.0,0.0,5606.72,5303.8198
2745,000736.SZ,20110506,9.37,9.48,9.23,9.46,9.39,0.07,0.75,8350.13,7842.8843
2746,000736.SZ,20110505,9.25,9.46,9.22,9.39,9.23,0.16,1.73,5356.75,5005.7354
2747,000736.SZ,20110504,9.5,9.5,9.2,9.23,9.51,-0.28,-2.94,5517.5,5164.2167
2748,000736.SZ,20110503,9.42,9.51,9.31,9.51,9.38,0.13,1.39,5671.15,5338.7345
2749,000736.SZ,20110429,9.18,9.45,9.17,9.38,9.21,0.17,1.85,5483.28,5086.9866
2750,000736.SZ,20110428,9.51,9.72,9.16,9.21,9.61,-0.4,-4.16,6814.86,6437.3504
2751,000736.SZ,20110427,9.79,9.9,9.55,9.61,9.73,-0.12,-1.23,14522.98,14095.097
2752,000736.SZ,20110426,10.02,10.22,9.69,9.73,10.15,-0.42,-4.14,13638.94,13471.4855
2753,000736.SZ,20110425,10.65,10.72,10.05,10.15,10.65,-0.5,-4.69,11222.38,11559.5304
2754,000736.SZ,20110422,10.5,10.73,10.45,10.65,10.49,0.16,1.53,17675.34,18749.9103
2755,000736.SZ,20110421,10.51,10.65,10.43,10.49,10.47,0.02,0.19,13691.61,14359.0679
2756,000736.SZ,20110420,10.48,10.58,10.35,10.47,10.35,0.12,1.16,11097.19,11577.4438
2757,000736.SZ,20110419,10.62,10.7,10.34,10.35,10.67,-0.32,-3.0,17705.38,18490.5548
2758,000736.SZ,20110418,10.65,10.73,10.54,10.67,10.69,-0.02,-0.19,15529.51,16501.6983
2759,000736.SZ,20110415,11.05,11.05,10.49,10.69,11.07,-0.38,-3.43,28817.56,30824.4961
2760,000736.SZ,20110414,11.29,11.29,11.01,11.07,11.29,-0.22,-1.95,17193.0,19106.4827
2761,000736.SZ,20110413,11.12,11.33,11.08,11.29,11.1,0.19,1.71,14254.53,16045.4332
2762,000736.SZ,20110412,11.08,11.2,11.03,11.1,11.15,-0.05,-0.45,13289.19,14775.2561
2763,000736.SZ,20110411,11.53,11.53,11.08,11.15,11.53,-0.38,-3.3,20493.1,23006.9402
2764,000736.SZ,20110408,11.5,11.6,11.31,11.53,11.95,-0.42,-3.51,33852.41,38774.2127
2765,000736.SZ,20110407,12.4,12.98,11.82,11.95,11.91,0.04,0.34,53506.37,65739.4994
2766,000736.SZ,20110401,11.71,12.16,11.6,11.91,11.71,0.2,1.71,17247.2,20530.0115
2767,000736.SZ,20110331,11.45,12.09,11.32,11.71,11.51,0.2,1.74,27568.86,32637.6678
2768,000736.SZ,20110330,11.63,11.85,11.23,11.51,11.5,0.01,0.09,31102.95,35926.7729
2769,000736.SZ,20110329,11.14,11.5,11.13,11.5,10.95,0.55,5.02,14300.7,16401.9828
2770,000736.SZ,20110328,10.8,11.06,10.8,10.95,10.83,0.12,1.11,12502.55,13642.5496
2771,000736.SZ,20110325,10.7,10.9,10.63,10.83,10.7,0.13,1.22,10326.53,11125.5647
2772,000736.SZ,20110324,10.94,10.95,10.63,10.7,10.9,-0.2,-1.83,8805.7,9458.7287
2773,000736.SZ,20110323,10.8,10.97,10.67,10.9,10.76,0.14,1.3,9867.79,10697.9847
2774,000736.SZ,20110322,10.78,10.87,10.62,10.76,10.73,0.03,0.28,4260.0,4566.7213
2775,000736.SZ,20110321,10.75,10.9,10.65,10.73,10.91,-0.18,-1.65,8022.5,8616.8714
2776,000736.SZ,20110318,10.44,10.92,10.36,10.91,10.4,0.51,4.9,17356.0,18668.7801
2777,000736.SZ,20110317,10.31,10.45,10.28,10.4,10.44,-0.04,-0.38,6266.62,6503.3807
2778,000736.SZ,20110316,10.54,10.64,10.34,10.44,10.53,-0.09,-0.85,13852.37,14464.453
2779,000736.SZ,20110315,10.3,10.57,10.25,10.53,10.31,0.22,2.13,15389.1,16051.7169
2780,000736.SZ,20110314,10.23,10.33,10.15,10.31,10.33,-0.02,-0.19,10523.02,10805.5101
2781,000736.SZ,20110311,10.69,10.74,10.31,10.33,10.72,-0.39,-3.64,21180.74,22238.3841
2782,000736.SZ,20110310,10.9,10.9,10.68,10.72,10.99,-0.27,-2.46,14703.44,15808.5043
2783,000736.SZ,20110309,10.88,11.06,10.8,10.99,10.89,0.1,0.92,14265.59,15555.2513
2784,000736.SZ,20110308,10.81,11.05,10.8,10.89,10.9,-0.01,-0.09,12664.48,13822.1053
2785,000736.SZ,20110307,11.14,11.14,10.84,10.9,10.99,-0.09,-0.82,18553.18,20288.3781
2786,000736.SZ,20110304,11.28,11.4,10.8,10.99,11.14,-0.15,-1.35,31397.51,34611.3757
2787,000736.SZ,20110303,11.1,11.14,10.9,11.14,10.61,0.53,5.0,61389.5,68285.0664
2788,000736.SZ,20110302,10.1,10.61,10.02,10.61,10.1,0.51,5.05,12684.13,13322.2556
2789,000736.SZ,20110301,9.79,10.14,9.7,10.1,9.79,0.31,3.17,13380.81,13283.7853
2790,000736.SZ,20110228,9.54,9.79,9.54,9.79,9.6,0.19,1.98,9897.04,9605.4533
2791,000736.SZ,20110225,9.63,9.63,9.48,9.6,9.6,0.0,0.0,6209.25,5930.8483
2792,000736.SZ,20110224,9.3,9.66,9.3,9.6,9.29,0.31,3.34,12265.46,11678.0924
2793,000736.SZ,20110223,9.22,9.43,9.21,9.29,9.22,0.07,0.76,5421.12,5046.5203
2794,000736.SZ,20110222,9.64,9.68,9.21,9.22,9.64,-0.42,-4.36,9436.08,8876.3209
2795,000736.SZ,20110221,9.49,9.65,9.41,9.64,9.62,0.02,0.21,8600.03,8217.0124
2796,000736.SZ,20110217,9.56,9.7,9.41,9.62,9.51,0.11,1.16,11685.11,11148.5208
2797,000736.SZ,20110216,9.47,9.56,9.39,9.51,9.48,0.03,0.32,8569.38,8115.8028
2798,000736.SZ,20110215,9.55,9.58,9.44,9.48,9.6,-0.12,-1.25,10314.01,9805.8669
2799,000736.SZ,20110214,9.41,9.78,9.2,9.6,9.41,0.19,2.02,17824.68,16728.9219
2800,000736.SZ,20110211,9.07,9.42,9.03,9.41,9.11,0.3,3.29,12755.35,11727.0305
2801,000736.SZ,20110210,8.91,9.14,8.6,9.11,8.91,0.2,2.24,12186.24,10833.1122
2802,000736.SZ,20110209,9.11,9.19,8.86,8.91,9.2,-0.29,-3.15,8263.58,7420.8199
2803,000736.SZ,20110201,9.29,9.31,9.12,9.2,9.11,0.09,0.99,4318.99,3972.1952
2804,000736.SZ,20110131,9.01,9.17,9.0,9.11,9.06,0.05,0.55,7094.12,6439.6617
2805,000736.SZ,20110128,9.06,9.12,8.92,9.06,9.05,0.01,0.11,6227.57,5622.0896
2806,000736.SZ,20110127,9.0,9.12,8.81,9.05,9.27,-0.22,-2.37,14637.53,13076.2412
2807,000736.SZ,20110126,9.35,9.56,9.0,9.27,9.35,-0.08,-0.86,18362.48,16783.8768
2808,000736.SZ,20110125,9.42,9.59,9.24,9.35,9.53,-0.18,-1.89,2861.4,2692.1723
2809,000736.SZ,20110124,9.75,9.79,9.46,9.53,9.74,-0.21,-2.16,2761.23,2640.6524
2810,000736.SZ,20110121,9.6,9.85,9.51,9.74,9.66,0.08,0.83,2989.39,2894.4473
2811,000736.SZ,20110120,9.99,10.07,9.57,9.66,10.06,-0.4,-3.98,3692.75,3630.3958
2812,000736.SZ,20110119,9.98,10.09,9.8,10.06,10.0,0.06,0.6,3374.68,3361.9257
2813,000736.SZ,20110118,10.17,10.17,9.74,10.0,10.0,0.0,0.0,2884.78,2861.0836
2814,000736.SZ,20110117,10.45,10.45,10.0,10.0,10.53,-0.53,-5.03,5801.49,5857.7585
2815,000736.SZ,20110114,10.38,10.53,10.31,10.53,10.55,-0.02,-0.19,3352.26,3486.7713
2816,000736.SZ,20110113,10.38,10.55,10.3,10.55,10.39,0.16,1.54,3265.51,3402.0518
2817,000736.SZ,20110112,10.42,10.59,10.25,10.39,10.35,0.04,0.39,3287.12,3434.8866
2818,000736.SZ,20110111,10.32,10.51,10.23,10.35,10.31,0.04,0.39,4008.7,4144.1232
2819,000736.SZ,20110110,10.46,10.64,10.18,10.31,10.62,-0.31,-2.92,3707.68,3876.4416
2820,000736.SZ,20110107,10.35,10.75,10.3,10.62,10.32,0.3,2.91,5626.72,5942.749
2821,000736.SZ,20110106,10.44,10.48,10.27,10.32,10.48,-0.16,-1.53,3110.88,3217.3945
2822,000736.SZ,20110105,10.46,10.5,10.32,10.48,10.43,0.05,0.48,3583.38,3727.7552
2823,000736.SZ,20110104,10.35,10.51,10.21,10.43,10.24,0.19,1.86,4186.54,4363.2927
2824,000736.SZ,20101231,10.05,10.25,10.05,10.24,10.02,0.22,2.2,4167.27,4222.914
2825,000736.SZ,20101230,10.1,10.21,10.0,10.02,10.21,-0.19,-1.86,3769.51,3799.5566
2826,000736.SZ,20101229,10.13,10.3,10.0,10.21,10.14,0.07,0.69,6808.27,6871.0629
2827,000736.SZ,20101228,10.57,10.59,10.05,10.14,10.57,-0.43,-4.07,4367.5,4492.1768
2828,000736.SZ,20101227,11.2,11.2,10.57,10.57,11.13,-0.56,-5.03,7394.9,7998.1013
2829,000736.SZ,20101224,10.95,11.24,10.92,11.13,10.98,0.15,1.37,6862.5,7626.5219
2830,000736.SZ,20101223,11.23,11.23,10.96,10.98,11.2,-0.22,-1.96,4537.47,5012.4961
2831,000736.SZ,20101222,11.29,11.35,11.09,11.2,11.24,-0.04,-0.36,4545.27,5081.8092
2832,000736.SZ,20101221,11.1,11.32,11.0,11.24,11.04,0.2,1.81,5708.6,6381.945
2833,000736.SZ,20101220,11.5,11.65,10.93,11.04,11.44,-0.4,-3.5,7567.77,8432.3704
2834,000736.SZ,20101217,11.21,11.54,11.21,11.44,11.3,0.14,1.24,6818.25,7785.8046
2835,000736.SZ,20101216,11.11,11.35,11.07,11.3,11.14,0.16,1.44,5463.86,6122.7541
2836,000736.SZ,20101215,11.3,11.35,11.14,11.14,11.36,-0.22,-1.94,6064.13,6808.8302
2837,000736.SZ,20101214,11.1,11.51,10.98,11.36,11.12,0.24,2.16,15118.28,17099.0533
2838,000736.SZ,20101213,10.86,11.4,10.86,11.12,10.91,0.21,1.92,4403.88,4872.7627
2839,000736.SZ,20101210,10.82,10.97,10.82,10.91,10.99,-0.08,-0.73,2935.99,3200.3372
2840,000736.SZ,20101209,10.91,11.08,10.85,10.99,11.06,-0.07,-0.63,3515.31,3844.3855
2841,000736.SZ,20101208,10.91,11.27,10.86,11.06,10.9,0.16,1.47,7045.57,7782.0743
2842,000736.SZ,20101207,10.91,10.91,10.7,10.9,10.9,0.0,0.0,4101.16,4437.738
2843,000736.SZ,20101206,10.82,11.06,10.82,10.9,10.97,-0.07,-0.64,3030.93,3315.5231
2844,000736.SZ,20101203,11.07,11.07,10.8,10.97,10.86,0.11,1.01,4007.94,4368.6644
2845,000736.SZ,20101202,11.07,11.13,10.83,10.86,10.92,-0.06,-0.55,5579.22,6133.1606
2846,000736.SZ,20101201,10.9,11.1,10.85,10.92,10.9,0.02,0.18,4141.63,4532.1327
2847,000736.SZ,20101130,11.11,11.19,10.75,10.9,11.13,-0.23,-2.07,6862.11,7500.1666
2848,000736.SZ,20101129,11.13,11.26,10.93,11.13,11.13,0.0,0.0,7805.64,8646.792
2849,000736.SZ,20101126,11.36,11.36,11.05,11.13,11.29,-0.16,-1.42,6375.29,7107.2742
2850,000736.SZ,20101125,11.25,11.4,11.09,11.29,11.24,0.05,0.44,9803.58,11023.9289
2851,000736.SZ,20101124,11.0,11.45,10.91,11.24,11.08,0.16,1.44,7488.19,8378.6609
2852,000736.SZ,20101123,10.87,11.1,10.7,11.08,10.9,0.18,1.65,10456.5,11465.416
2853,000736.SZ,20101122,11.0,11.12,10.74,10.9,11.1,-0.2,-1.8,13610.1,14840.2931
2854,000736.SZ,20101119,11.12,11.12,10.81,11.1,11.12,-0.02,-0.18,7198.34,7880.2539
2855,000736.SZ,20101118,10.91,11.17,10.51,11.12,10.78,0.34,3.15,16344.77,17743.805
2856,000736.SZ,20101117,11.1,11.13,10.69,10.78,11.25,-0.47,-4.18,14527.19,15887.7403
2857,000736.SZ,20101116,11.77,11.77,11.25,11.25,11.84,-0.59,-4.98,19370.52,22148.8123
2858,000736.SZ,20101115,12.01,12.08,11.55,11.84,12.16,-0.32,-2.63,19649.39,23021.7448
2859,000736.SZ,20101112,12.96,12.96,12.16,12.16,12.8,-0.64,-5.0,26704.02,33048.1853
2860,000736.SZ,20101110,12.77,12.9,12.6,12.8,12.6,0.2,1.59,21579.43,27512.5404
2861,000736.SZ,20101109,12.55,12.73,12.46,12.6,12.55,0.05,0.4,17154.67,21642.6681
2862,000736.SZ,20101108,12.6,12.83,12.5,12.55,12.6,-0.05,-0.4,16174.23,20437.8974
2863,000736.SZ,20101105,12.3,12.81,12.2,12.6,12.23,0.37,3.03,22949.24,28889.1612
2864,000736.SZ,20101104,12.2,12.39,12.16,12.23,12.24,-0.01,-0.08,16526.15,20249.4988
2865,000736.SZ,20101103,11.68,12.31,11.67,12.24,11.72,0.52,4.44,28038.41,33958.0775
2866,000736.SZ,20101102,12.01,12.12,11.6,11.72,12.0,-0.28,-2.33,19526.86,23111.2819
2867,000736.SZ,20101101,11.95,12.33,11.86,12.0,11.84,0.16,1.35,23812.84,28778.4569
2868,000736.SZ,20101029,11.44,11.87,11.41,11.84,11.45,0.39,3.41,28460.23,33130.9196
2869,000736.SZ,20101028,11.32,11.47,11.22,11.45,11.31,0.14,1.24,14762.62,16761.068
2870,000736.SZ,20101027,11.1,11.49,11.01,11.31,11.1,0.21,1.89,17349.73,19623.1542
2871,000736.SZ,20101026,10.93,11.15,10.86,11.1,10.96,0.14,1.28,12691.7,13960.7079
2872,000736.SZ,20101025,10.75,10.96,10.59,10.96,10.73,0.23,2.14,14673.9,15811.4994
2873,000736.SZ,20101022,10.57,10.74,10.56,10.73,10.55,0.18,1.71,11718.97,12457.8187
2874,000736.SZ,20101021,10.73,10.78,10.5,10.55,10.73,-0.18,-1.68,11846.81,12552.4408
2875,000736.SZ,20101020,10.75,10.9,10.61,10.73,10.95,-0.22,-2.01,9820.81,10538.2007
2876,000736.SZ,20101019,10.6,10.99,10.52,10.95,10.7,0.25,2.34,8265.33,8992.4261
2877,000736.SZ,20101018,11.09,11.1,10.66,10.7,11.21,-0.51,-4.55,14021.0,15153.3307
2878,000736.SZ,20101015,11.39,11.55,11.15,11.21,11.4,-0.19,-1.67,12812.29,14460.3154
2879,000736.SZ,20101014,11.63,11.83,11.3,11.4,11.63,-0.23,-1.98,10215.79,11784.3735
2880,000736.SZ,20101013,11.5,11.71,11.5,11.63,11.44,0.19,1.66,14715.32,17113.1152
2881,000736.SZ,20101012,11.36,11.66,11.35,11.44,11.33,0.11,0.97,12546.4,14419.0224
2882,000736.SZ,20101011,11.03,11.34,10.95,11.33,11.04,0.29,2.63,14683.17,16475.2344
2883,000736.SZ,20101008,11.1,11.2,10.82,11.04,11.03,0.01,0.09,11752.4,12953.3615
2884,000736.SZ,20100930,10.74,11.04,10.62,11.03,10.84,0.19,1.75,6636.47,7247.7868
2885,000736.SZ,20100929,10.69,11.2,10.62,10.84,10.74,0.1,0.93,12709.94,13930.0366
2886,000736.SZ,20100928,10.81,10.87,10.62,10.74,10.88,-0.14,-1.29,8114.82,8697.85
2887,000736.SZ,20100927,10.76,10.94,10.7,10.88,10.83,0.05,0.46,6966.82,7518.0408
2888,000736.SZ,20100921,10.88,10.88,10.69,10.83,10.78,0.05,0.46,3733.4,4024.6918
2889,000736.SZ,20100920,10.79,11.03,10.56,10.78,10.9,-0.12,-1.1,4827.55,5195.9795
2890,000736.SZ,20100917,10.9,11.13,10.8,10.9,10.9,0.0,0.0,4894.04,5359.8005
2891,000736.SZ,20100916,11.15,11.15,10.71,10.9,11.23,-0.33,-2.94,12572.01,13676.3492
2892,000736.SZ,20100915,11.69,11.69,11.1,11.23,11.68,-0.45,-3.85,29703.77,33355.6189
2893,000736.SZ,20100914,11.83,11.84,11.59,11.68,11.72,-0.04,-0.34,8359.91,9782.9528
2894,000736.SZ,20100913,11.68,11.75,11.4,11.72,11.6,0.12,1.03,13653.49,15759.3589
2895,000736.SZ,20100910,11.8,11.8,11.4,11.6,11.82,-0.22,-1.86,11503.22,13306.9574
2896,000736.SZ,20100909,11.87,11.9,11.64,11.82,11.97,-0.15,-1.25,10364.14,12197.5285
2897,000736.SZ,20100908,11.9,11.99,11.7,11.97,11.97,0.0,0.0,10256.45,12128.6727
2898,000736.SZ,20100907,11.7,12.19,11.7,11.97,11.85,0.12,1.01,10514.28,12574.914
2899,000736.SZ,20100906,11.8,11.86,11.71,11.85,11.8,0.05,0.42,6599.31,7777.7492
2900,000736.SZ,20100903,11.95,11.95,11.59,11.8,11.97,-0.17,-1.42,6759.53,7959.5633
2901,000736.SZ,20100902,11.93,12.07,11.7,11.97,11.79,0.18,1.53,7756.3,9231.98
2902,000736.SZ,20100901,12.05,12.05,11.55,11.79,11.97,-0.18,-1.5,8495.27,10015.8533
2903,000736.SZ,20100831,11.95,12.06,11.88,11.97,11.95,0.02,0.17,6409.89,7660.7257
2904,000736.SZ,20100830,11.6,12.22,11.59,11.95,11.64,0.31,2.66,10717.8,12794.5236
2905,000736.SZ,20100827,11.8,11.8,11.41,11.64,11.84,-0.2,-1.69,9554.39,11052.3175
2906,000736.SZ,20100826,11.93,12.08,11.77,11.84,11.85,-0.01,-0.08,5458.56,6476.0494
2907,000736.SZ,20100825,12.2,12.2,11.85,11.85,12.3,-0.45,-3.66,10546.54,12663.6045
2908,000736.SZ,20100824,12.11,12.4,12.11,12.3,12.23,0.07,0.57,8433.31,10332.0528
2909,000736.SZ,20100823,12.29,12.35,12.14,12.23,12.25,-0.02,-0.16,8583.57,10475.4907
2910,000736.SZ,20100820,12.56,12.7,12.13,12.25,12.56,-0.31,-2.47,7895.31,9733.1489
2911,000736.SZ,20100819,12.61,12.88,12.45,12.56,12.61,-0.05,-0.4,10869.08,13754.9658
2912,000736.SZ,20100818,12.78,12.93,12.45,12.61,12.82,-0.21,-1.64,15681.84,19903.5536
2913,000736.SZ,20100817,12.48,13.0,12.3,12.82,12.48,0.34,2.72,19115.47,24047.6297
2914,000736.SZ,20100816,12.29,12.55,12.05,12.48,12.13,0.35,2.89,22112.56,27173.5711
2915,000736.SZ,20100813,12.35,12.44,12.02,12.13,12.35,-0.22,-1.78,17411.63,21183.3767
2916,000736.SZ,20100812,12.28,12.85,12.22,12.35,12.39,-0.04,-0.32,35759.84,44801.7377
2917,000736.SZ,20100811,12.01,12.39,12.01,12.39,11.8,0.59,5.0,26217.94,32423.5388
2918,000736.SZ,20100810,12.41,12.41,11.8,11.8,12.42,-0.62,-4.99,17886.49,21510.3552
2919,000736.SZ,20100809,12.5,12.58,12.13,12.42,12.65,-0.23,-1.82,18204.34,22457.9668
2920,000736.SZ,20100806,12.99,12.99,12.01,12.65,12.48,0.17,1.36,22682.25,28618.9768
2921,000736.SZ,20100805,12.71,13.28,12.31,12.48,12.71,-0.23,-1.81,25363.55,32409.3899
2922,000736.SZ,20100804,12.0,12.71,11.86,12.71,12.1,0.61,5.04,39450.4,49417.4774
2923,000736.SZ,20100803,12.1,12.1,11.91,12.1,11.52,0.58,5.03,27763.32,33561.4047
2924,000736.SZ,20100802,11.05,11.52,10.9,11.52,10.97,0.55,5.01,6798.09,7736.779
2925,000736.SZ,20100730,10.89,11.04,10.86,10.97,10.97,0.0,0.0,5961.68,6532.2039
2926,000736.SZ,20100729,10.92,11.07,10.85,10.97,10.92,0.05,0.46,5800.01,6352.0569
2927,000736.SZ,20100728,10.97,11.08,10.72,10.92,10.88,0.04,0.37,8136.21,8885.3719
2928,000736.SZ,20100727,10.65,10.91,10.64,10.88,10.86,0.02,0.18,5601.43,6036.5455
2929,000736.SZ,20100726,10.58,10.89,10.55,10.86,10.55,0.31,2.94,9283.48,9899.2706
2930,000736.SZ,20100723,10.6,10.78,10.45,10.55,10.66,-0.11,-1.03,7763.26,8195.5558
2931,000736.SZ,20100722,10.34,10.68,10.3,10.66,10.34,0.32,3.09,9497.25,10009.1495
2932,000736.SZ,20100721,10.39,10.49,10.3,10.34,10.45,-0.11,-1.05,6514.4,6752.5901
2933,000736.SZ,20100720,10.53,10.75,10.2,10.45,10.31,0.14,1.36,8485.83,8819.3568
2934,000736.SZ,20100719,9.85,10.31,9.85,10.31,10.0,0.31,3.1,5966.93,6050.2542
2935,000736.SZ,20100716,10.05,10.16,9.7,10.0,9.97,0.03,0.3,3824.21,3811.9829
2936,000736.SZ,20100715,10.19,10.25,9.96,9.97,10.11,-0.14,-1.38,5719.27,5762.7331
2937,000736.SZ,20100714,10.06,10.29,10.02,10.11,10.15,-0.04,-0.39,5585.75,5644.0383
2938,000736.SZ,20100713,10.16,10.38,9.98,10.15,10.06,0.09,0.89,5189.45,5277.5464
2939,000736.SZ,20100709,9.9,10.12,9.66,10.06,9.9,0.16,1.62,4061.98,4054.354
2940,000736.SZ,20100708,9.97,10.11,9.81,9.9,9.96,-0.06,-0.6,3151.28,3124.764
2941,000736.SZ,20100707,9.83,10.01,9.76,9.96,9.68,0.28,2.89,4687.92,4638.2904
2942,000736.SZ,20100706,9.68,9.85,9.6,9.68,9.61,0.07,0.73,2837.51,2757.7878
2943,000736.SZ,20100705,9.65,9.79,9.4,9.61,9.88,-0.27,-2.73,2449.64,2347.4211
2944,000736.SZ,20100702,9.6,9.88,9.12,9.88,9.6,0.28,2.92,8537.84,8033.4689
2945,000736.SZ,20100701,9.96,9.96,9.38,9.6,9.87,-0.27,-2.74,6895.77,6687.2707
2946,000736.SZ,20100630,9.88,9.99,9.87,9.87,10.39,-0.52,-5.0,5652.0,5585.6302
2947,000736.SZ,20100629,11.03,11.03,10.39,10.39,10.94,-0.55,-5.03,3423.18,3611.5962
2948,000736.SZ,20100628,11.19,11.2,10.94,10.94,11.05,-0.11,-1.0,3685.27,4075.2177
2949,000736.SZ,20100625,11.26,11.35,10.91,11.05,11.31,-0.26,-2.3,5503.56,6079.3118
2950,000736.SZ,20100624,11.3,11.38,11.21,11.31,11.29,0.02,0.18,4911.33,5550.4827
2951,000736.SZ,20100623,11.2,11.41,11.1,11.29,11.27,0.02,0.18,4523.81,5090.6593
2952,000736.SZ,20100622,11.3,11.5,11.22,11.27,11.38,-0.11,-0.97,9881.59,11215.2185
2953,000736.SZ,20100621,11.08,11.51,11.08,11.38,11.22,0.16,1.43,6941.11,7887.6299
2954,000736.SZ,20100618,11.38,11.52,11.02,11.22,11.35,-0.13,-1.15,6550.67,7391.1835
2955,000736.SZ,20100617,11.3,11.59,11.3,11.35,11.25,0.1,0.89,6145.35,7028.6328
2956,000736.SZ,20100610,11.03,11.39,10.98,11.25,11.19,0.06,0.54,6389.07,7198.3434
2957,000736.SZ,20100609,11.1,11.28,10.9,11.19,10.99,0.2,1.82,8567.83,9509.541
2958,000736.SZ,20100608,10.6,11.13,10.6,10.99,10.6,0.39,3.68,10162.78,11156.6169
2959,000736.SZ,20100607,10.5,10.67,10.31,10.6,10.8,-0.2,-1.85,6051.46,6340.1184
2960,000736.SZ,20100604,10.82,10.98,10.75,10.8,10.91,-0.11,-1.01,6463.72,7019.8556
2961,000736.SZ,20100603,10.95,11.05,10.62,10.91,10.9,0.01,0.09,12767.61,13865.5443
2962,000736.SZ,20100602,10.48,10.9,10.45,10.9,10.68,0.22,2.06,8970.01,9599.1251
2963,000736.SZ,20100601,10.5,10.78,10.41,10.68,10.96,-0.28,-2.55,15788.52,16556.6534
2964,000736.SZ,20100531,11.36,11.5,10.96,10.96,11.54,-0.58,-5.03,18916.99,21088.555
2965,000736.SZ,20100528,11.2,11.6,11.0,11.54,11.05,0.49,4.43,27793.35,31880.3702
2966,000736.SZ,20100527,10.5,11.05,10.22,11.05,10.52,0.53,5.04,21746.24,23619.3124
2967,000736.SZ,20100526,10.45,10.68,10.39,10.52,10.54,-0.02,-0.19,10113.73,10622.9575
2968,000736.SZ,20100525,10.45,10.82,10.18,10.54,10.31,0.23,2.23,25118.9,26480.8786
2969,000736.SZ,20100524,9.93,10.31,9.93,10.31,9.82,0.49,4.99,12966.38,13304.1449
2970,000736.SZ,20100521,9.44,9.9,9.29,9.82,9.78,0.04,0.41,20962.68,20078.8419
2971,000736.SZ,20100520,10.0,10.11,9.71,9.78,10.08,-0.3,-2.98,12991.91,12864.2087
2972,000736.SZ,20100519,10.2,10.43,9.98,10.08,10.51,-0.43,-4.09,15191.59,15453.7296
2973,000736.SZ,20100518,9.99,10.83,9.79,10.51,10.31,0.2,1.94,26939.48,27049.9218
2974,000736.SZ,20100517,10.76,10.77,10.31,10.31,10.85,-0.54,-4.98,14891.61,15578.4506
2975,000736.SZ,20100514,10.47,10.95,10.19,10.85,10.51,0.34,3.24,22098.47,23405.6853
2976,000736.SZ,20100513,10.32,10.62,10.12,10.51,10.51,0.0,0.0,15405.4,15903.4757
2977,000736.SZ,20100512,11.0,11.0,10.51,10.51,11.06,-0.55,-4.97,22675.08,23860.4983
2978,000736.SZ,20100511,11.79,11.79,11.06,11.06,11.64,-0.58,-4.98,15964.16,17995.3861
2979,000736.SZ,20100510,11.67,11.85,11.12,11.64,11.67,-0.03,-0.26,14915.89,17231.0915
2980,000736.SZ,20100507,11.67,11.83,11.67,11.67,12.28,-0.61,-4.97,20973.63,24523.1316
2981,000736.SZ,20100505,11.8,12.44,11.7,12.28,12.1,0.18,1.49,17094.4,20839.2246
2982,000736.SZ,20100504,12.02,12.25,11.89,12.1,12.3,-0.2,-1.63,18277.91,22134.8363
2983,000736.SZ,20100430,12.58,12.65,12.02,12.3,12.65,-0.35,-2.77,34370.87,41891.5717
2984,000736.SZ,20100429,14.29,14.83,12.58,12.65,14.22,-1.57,-11.04,53091.25,72724.2094
2985,000736.SZ,20100428,14.7,14.7,14.22,14.22,14.97,-0.75,-5.01,36760.04,52404.4765
2986,000736.SZ,20100427,15.0,15.59,14.97,14.97,15.76,-0.79,-5.01,31657.71,47785.1405
2987,000736.SZ,20100426,16.79,16.79,15.76,15.76,16.59,-0.83,-5.0,18569.0,29561.6688
2988,000736.SZ,20100423,16.87,17.08,16.29,16.59,16.87,-0.28,-1.66,16627.65,27797.2495
2989,000736.SZ,20100422,16.4,17.0,16.12,16.87,16.38,0.49,2.99,23071.49,38401.2995
2990,000736.SZ,20100421,15.66,16.38,15.4,16.38,15.66,0.72,4.6,21398.36,34007.116
2991,000736.SZ,20100420,15.9,16.25,15.28,15.66,16.08,-0.42,-2.61,27264.06,42482.9044
2992,000736.SZ,20100419,16.54,17.0,16.08,16.08,16.93,-0.85,-5.02,19128.23,31331.7138
2993,000736.SZ,20100416,16.58,17.38,15.9,16.93,16.64,0.29,1.74,22465.55,37447.4111
2994,000736.SZ,20100415,17.0,17.44,16.29,16.64,16.76,-0.12,-0.72,33295.89,56124.1854
2995,000736.SZ,20100414,16.34,16.76,16.14,16.76,15.96,0.8,5.01,32019.43,53024.95
2996,000736.SZ,20100413,15.32,15.96,15.18,15.96,15.2,0.76,5.0,34740.76,54102.8782
2997,000736.SZ,20100412,15.22,15.64,15.0,15.2,15.18,0.02,0.13,23094.9,35281.5886
2998,000736.SZ,20100409,15.14,15.24,14.9,15.18,15.15,0.03,0.2,15325.18,23124.6217
2999,000736.SZ,20100408,15.05,15.28,14.82,15.15,15.19,-0.04,-0.26,23180.46,34846.6993
3000,000736.SZ,20100407,14.95,15.24,14.8,15.19,14.99,0.2,1.33,20262.79,30595.7144
3001,000736.SZ,20100406,14.85,15.29,14.75,14.99,14.75,0.24,1.63,21421.44,32151.9191
3002,000736.SZ,20100402,14.6,14.99,14.41,14.75,14.65,0.1,0.68,17306.56,25421.5969
3003,000736.SZ,20100401,14.06,14.77,14.06,14.65,14.07,0.58,4.12,51947.54,76138.2636
3004,000736.SZ,20100331,12.88,14.07,12.76,14.07,13.4,0.67,5.0,33166.83,44481.3341
3005,000736.SZ,20100330,13.38,13.55,13.3,13.4,13.4,0.0,0.0,10962.22,14694.4196
3006,000736.SZ,20100329,13.83,14.13,13.33,13.4,13.48,-0.08,-0.59,28462.85,39092.7479
3007,000736.SZ,20100326,12.88,13.48,12.87,13.48,12.84,0.64,4.98,17892.42,23900.8934
3008,000736.SZ,20100325,13.3,13.31,12.81,12.84,13.35,-0.51,-3.82,17405.9,22676.9368
3009,000736.SZ,20100324,13.33,13.47,13.14,13.35,13.35,0.0,0.0,17891.82,23829.4501
3010,000736.SZ,20100323,13.27,13.5,13.11,13.35,13.22,0.13,0.98,19053.36,25416.1636
3011,000736.SZ,20100319,12.9,13.4,12.89,13.22,12.87,0.35,2.72,26691.82,35245.0804
3012,000736.SZ,20100318,12.74,13.27,12.69,12.87,12.64,0.23,1.82,27547.53,35691.6922
3013,000736.SZ,20100317,12.09,12.64,11.99,12.64,12.04,0.6,4.98,17589.12,21850.7056
3014,000736.SZ,20100316,11.93,12.05,11.9,12.04,11.98,0.06,0.5,6008.2,7202.3663
3015,000736.SZ,20100315,12.07,12.12,11.91,11.98,11.99,-0.01,-0.08,6969.1,8357.2845
3016,000736.SZ,20100312,12.15,12.22,11.89,11.99,12.15,-0.16,-1.32,9172.38,11077.9752
3017,000736.SZ,20100311,12.2,12.29,12.05,12.15,12.25,-0.1,-0.82,6187.4,7517.948
3018,000736.SZ,20100310,12.5,12.5,12.18,12.25,12.49,-0.24,-1.92,8572.29,10524.6786
3019,000736.SZ,20100309,12.3,12.61,12.2,12.49,12.32,0.17,1.38,13340.11,16568.244
3020,000736.SZ,20100308,12.15,12.45,12.15,12.32,12.04,0.28,2.33,9569.02,11821.5419
3021,000736.SZ,20100305,12.05,12.17,11.86,12.04,11.96,0.08,0.67,9409.66,11326.9578
3022,000736.SZ,20100304,12.38,12.52,11.88,11.96,12.43,-0.47,-3.78,20400.94,25147.2539
3023,000736.SZ,20100303,12.6,12.7,12.35,12.43,12.65,-0.22,-1.74,21532.02,26775.4696
3024,000736.SZ,20100302,13.18,13.29,12.56,12.65,12.99,-0.34,-2.62,22841.15,29252.8558
3025,000736.SZ,20100226,12.88,13.14,12.7,12.99,12.51,0.48,3.84,35252.53,45795.0821
3026,000736.SZ,20100225,12.0,12.51,11.9,12.51,11.91,0.6,5.04,27363.98,33204.3125
3027,000736.SZ,20100224,11.59,12.08,11.41,11.91,11.55,0.36,3.12,12061.36,14250.3228
3028,000736.SZ,20100223,11.67,11.67,11.14,11.55,11.63,-0.08,-0.69,9054.96,10382.0949
3029,000736.SZ,20100222,11.71,11.78,11.49,11.63,11.76,-0.13,-1.11,7568.58,8840.9491
3030,000736.SZ,20100212,11.62,11.83,11.62,11.76,11.62,0.14,1.2,6076.38,7138.2402
3031,000736.SZ,20100211,11.77,11.81,11.57,11.62,11.81,-0.19,-1.61,8967.78,10485.8569
3032,000736.SZ,20100210,11.9,11.95,11.53,11.81,11.81,0.0,0.0,13669.37,16014.5179
3033,000736.SZ,20100209,11.32,11.81,11.31,11.81,11.25,0.56,4.98,21650.6,25451.0737
3034,000736.SZ,20100208,11.2,11.3,11.08,11.25,11.18,0.07,0.63,9220.77,10323.4143
3035,000736.SZ,20100205,11.26,11.41,11.09,11.18,11.51,-0.33,-2.87,8987.99,10098.8117
3036,000736.SZ,20100204,11.26,11.56,11.12,11.51,11.37,0.14,1.23,13597.24,15527.4039
3037,000736.SZ,20100203,11.5,11.53,10.98,11.37,11.56,-0.19,-1.64,23591.55,26349.5642
3038,000736.SZ,20100202,11.56,11.89,11.56,11.56,12.17,-0.61,-5.01,29657.3,34460.611
3039,000736.SZ,20100201,12.17,12.17,12.17,12.17,12.81,-0.64,-5.0,4078.0,4962.926
3040,000736.SZ,20100129,13.0,13.15,12.8,12.81,13.22,-0.41,-3.1,8547.74,11089.6185
3041,000736.SZ,20100128,13.38,13.47,13.12,13.22,13.06,0.16,1.23,5295.31,7015.8093
3042,000736.SZ,20100127,13.11,13.21,13.01,13.06,13.11,-0.05,-0.38,4813.11,6312.6625
3043,000736.SZ,20100126,13.92,13.92,13.09,13.11,13.74,-0.63,-4.59,7523.49,9989.2595
3044,000736.SZ,20100125,13.51,14.02,13.51,13.74,13.93,-0.19,-1.36,3783.68,5226.6694
3045,000736.SZ,20100122,14.26,14.38,13.7,13.93,14.42,-0.49,-3.4,12095.83,16881.9206
3046,000736.SZ,20100121,14.48,14.64,14.2,14.42,14.6,-0.18,-1.23,11523.21,16619.1156
3047,000736.SZ,20100120,14.27,14.93,14.02,14.6,14.22,0.38,2.67,27171.16,39596.0769
3048,000736.SZ,20100119,14.36,14.37,14.12,14.22,14.3,-0.08,-0.56,9791.53,13916.1368
3049,000736.SZ,20100118,14.15,14.39,13.99,14.3,14.1,0.2,1.42,19058.94,27136.3367
3050,000736.SZ,20100115,13.79,14.28,13.79,14.1,13.91,0.19,1.37,14365.92,20212.0682
3051,000736.SZ,20100114,13.76,13.99,13.55,13.91,13.81,0.1,0.72,9942.16,13698.9832
3052,000736.SZ,20100113,13.78,13.9,13.5,13.81,14.01,-0.2,-1.43,10268.11,14047.7744
3053,000736.SZ,20100112,13.81,14.14,13.8,14.01,13.86,0.15,1.08,10789.05,15053.9824
3054,000736.SZ,20100111,14.21,14.25,13.75,13.86,13.98,-0.12,-0.86,7944.73,11037.7493
3055,000736.SZ,20100108,13.72,14.0,13.51,13.98,13.69,0.29,2.12,8742.3,11999.6658
3056,000736.SZ,20100107,14.06,14.14,13.58,13.69,13.97,-0.28,-2.0,9414.05,12993.047
3057,000736.SZ,20100106,14.08,14.36,13.9,13.97,13.98,-0.01,-0.07,8695.54,12247.6333
3058,000736.SZ,20100105,14.0,14.14,13.68,13.98,13.97,0.01,0.07,7518.97,10459.5921
3059,000736.SZ,20100104,14.3,14.32,13.97,13.97,14.3,-0.33,-2.31,10292.71,14496.5014
